param#0 	 param#1 	 param#2 	 dist 	  wgt 
2.621157 	0.552517 	5.872511 	0.876447 	0.050000 	
5.214960 	0.377607 	6.119622 	0.932482 	0.050000 	
7.253068 	0.574454 	6.222700 	0.951689 	0.050000 	
7.691599 	3.204595 	5.879002 	0.882711 	0.050000 	
3.183959 	1.994728 	5.607786 	0.823305 	0.050000 	
8.415904 	1.615786 	5.901928 	0.902620 	0.050000 	
4.114807 	1.262935 	5.898310 	0.882897 	0.050000 	
8.438135 	1.729370 	6.093911 	0.911451 	0.050000 	
5.398557 	1.531561 	6.278513 	0.951413 	0.050000 	
4.337788 	1.882055 	5.630046 	0.827584 	0.050000 	
1.775568 	3.452420 	6.068749 	0.981156 	0.050000 	
1.051511 	3.656608 	6.205374 	1.175255 	0.050000 	
2.346608 	1.262531 	5.961299 	0.907384 	0.050000 	
7.154355 	1.343642 	5.770848 	0.853721 	0.050000 	
7.668731 	0.646521 	6.100395 	0.933638 	0.050000 	
1.679838 	2.187122 	6.000128 	0.938073 	0.050000 	
3.430000 	1.141646 	5.751938 	0.845900 	0.050000 	
0.851529 	3.077317 	6.045782 	1.139128 	0.050000 	
5.937602 	2.592335 	5.961051 	0.913546 	0.050000 	
9.971335 	2.205120 	6.191489 	0.956803 	0.050000 	
5.218238 	4.188689 	6.060177 	0.937998 	0.000000 	
15.500169 	2.934049 	6.058946 	0.920250 	0.000000 	
10.408499 	2.641030 	6.048475 	0.947539 	0.000000 	
6.875524 	1.018085 	6.124699 	0.924617 	0.083946 	
3.151735 	0.553708 	5.873369 	0.886813 	0.093332 	
3.149717 	2.631854 	6.181175 	0.940432 	0.083926 	
4.710159 	0.239528 	5.643329 	0.791625 	0.037668 	
8.589538 	2.419858 	5.966002 	0.892991 	0.117469 	
4.662746 	4.184652 	5.541298 	0.866665 	0.000000 	
14.122544 	2.222109 	6.279338 	0.942916 	0.000000 	
-0.804328 	-0.071826 	5.718010 	-1.000000 	0.000000 	
1.022549 	0.326552 	5.989070 	0.912721 	0.167225 	
8.796241 	5.557420 	5.618452 	0.839840 	0.000000 	
11.475904 	2.773167 	5.627230 	0.795706 	0.000000 	
9.739050 	0.034016 	6.181552 	0.942864 	0.144144 	
7.033645 	2.926210 	6.032489 	0.941637 	0.120941 	
-1.710567 	-0.281715 	6.176727 	-1.000000 	0.000000 	
8.149794 	0.690545 	5.853983 	0.869203 	0.097983 	
5.677548 	2.194024 	5.765883 	0.867397 	0.052473 	
7.805063 	1.115770 	5.246151 	0.643084 	0.000893 	
6.449268 	3.002854 	5.932681 	0.896482 	0.112786 	
6.531735 	5.648659 	5.871690 	0.907524 	0.000000 	
7.388308 	1.779093 	5.785625 	0.850816 	0.069622 	
10.065353 	1.744451 	5.911251 	0.930304 	0.000000 	
7.912435 	0.873193 	5.878485 	0.882511 	0.086549 	
4.807647 	0.290166 	5.885088 	0.889450 	0.088974 	
9.545818 	1.846968 	5.763806 	0.839843 	0.080201 	
11.144251 	2.927785 	5.981928 	0.908691 	0.000000 	
-1.568855 	-0.432697 	6.119521 	-1.000000 	0.000000 	
12.112218 	2.318184 	5.840275 	0.873120 	0.000000 	
4.483373 	2.798700 	6.004928 	0.923353 	0.114912 	
16.218921 	2.806519 	5.875206 	0.919340 	0.000000 	
13.551951 	1.253146 	6.010463 	0.904519 	0.000000 	
2.153950 	1.054948 	5.973643 	0.912567 	0.104263 	
7.591307 	0.279157 	5.978986 	0.909425 	0.103021 	
8.573208 	2.416935 	5.878627 	0.902150 	0.097869 	
10.965184 	1.363191 	5.552841 	0.807694 	0.000000 	
8.151958 	4.443178 	5.908567 	0.908404 	0.000000 	
5.904627 	1.311887 	5.829354 	0.874263 	0.071857 	
3.996122 	0.825892 	5.795632 	0.847284 	0.069946 	
7.713431 	3.541955 	5.767020 	0.860696 	0.066973 	
7.179699 	3.686929 	5.810989 	0.854762 	0.073598 	
13.454025 	0.421131 	5.794797 	0.861475 	0.000000 	
8.280804 	2.404245 	5.634359 	0.759012 	0.045664 	
1.583714 	1.741823 	5.732852 	0.853417 	0.088544 	
6.377807 	2.195247 	5.763019 	0.888835 	0.035567 	
7.731874 	2.359596 	5.824276 	0.877293 	0.039002 	
2.339165 	0.562184 	5.928988 	0.907253 	0.079476 	
6.676740 	2.302094 	5.610292 	0.824149 	0.050278 	
15.211438 	0.864014 	5.710067 	0.820336 	0.000000 	
8.269628 	0.986394 	5.935785 	0.904595 	0.056262 	
5.407355 	0.553747 	5.744359 	0.834239 	0.039216 	
8.164149 	1.382239 	5.922822 	0.886220 	0.050168 	
9.473652 	1.276056 	5.681157 	0.805927 	0.041917 	
6.515140 	0.930000 	5.717740 	0.804979 	0.034726 	
4.798940 	1.981797 	5.706662 	0.861404 	0.042413 	
9.716335 	3.234655 	5.881749 	0.867984 	0.082713 	
6.253754 	1.167726 	5.788100 	0.847752 	0.033197 	
5.645447 	2.462474 	5.583927 	0.780133 	0.069108 	
4.371585 	0.173132 	5.953233 	0.901302 	0.071178 	
7.699613 	0.971292 	5.888862 	0.862556 	0.125030 	
6.081246 	2.605494 	5.793588 	0.865991 	0.067537 	
2.458922 	1.713625 	5.601131 	0.827869 	0.030605 	
3.305460 	1.730392 	5.831091 	0.871740 	0.102090 	
9.226567 	0.486970 	5.747512 	0.830297 	0.087924 	
8.610872 	3.690873 	5.701494 	0.844014 	0.055203 	
10.821613 	1.450236 	5.846093 	0.850081 	0.000000 	
2.770428 	0.281848 	5.800430 	0.865653 	0.117363 	
8.368614 	0.667586 	5.889905 	0.868895 	0.146385 	
12.894489 	4.458128 	5.785440 	0.849184 	0.000000 	
6.372291 	2.142099 	5.476307 	0.744357 	0.008947 	
4.549446 	0.878753 	5.733454 	0.844975 	0.057200 	
6.063218 	0.526139 	5.731271 	0.841707 	0.060124 	
-1.089360 	-0.194791 	5.622671 	-1.000000 	0.000000 	
11.748347 	1.225058 	5.905808 	0.852346 	0.000000 	
6.559011 	3.861715 	5.550905 	0.772363 	0.022388 	
16.332410 	3.292893 	5.700769 	0.810664 	0.000000 	
8.242352 	3.289252 	5.482588 	0.814043 	0.012403 	
9.486606 	0.737784 	5.657856 	0.772079 	0.050211 	
5.708999 	1.618824 	5.766694 	0.855153 	0.056589 	
2.983436 	2.572031 	5.653774 	0.816506 	0.092799 	
3.296131 	4.393245 	5.578199 	0.833860 	0.000000 	
11.383013 	0.281556 	5.732340 	0.821435 	0.000000 	
6.021889 	1.157942 	5.539355 	0.717969 	0.037379 	
10.298038 	1.528259 	5.380673 	0.684124 	0.000000 	
-0.653645 	-0.279130 	5.819449 	-1.000000 	0.000000 	
5.762852 	2.869888 	5.701149 	0.797994 	0.098799 	
11.150142 	2.615620 	5.706559 	0.815649 	0.000000 	
5.256236 	1.192455 	5.696841 	0.818667 	0.061326 	
5.342914 	2.162559 	5.740484 	0.814883 	0.087897 	
1.559719 	0.227783 	5.726418 	0.850982 	0.129895 	
7.286194 	1.735679 	5.668714 	0.805458 	0.059926 	
5.859855 	2.773759 	5.606087 	0.785886 	0.063011 	
-0.285622 	-0.815182 	5.740874 	-1.000029 	0.000000 	
9.011262 	2.753221 	5.522203 	0.717927 	0.050751 	
4.920035 	1.381980 	5.733978 	0.815528 	0.073084 	
2.759863 	1.728908 	5.530528 	0.766977 	0.049387 	
10.144117 	1.765398 	5.591511 	0.791996 	0.000000 	
6.571011 	2.040870 	5.839179 	0.854938 	0.134742 	
7.372711 	1.776424 	5.669866 	0.819128 	0.061003 	
2.907144 	1.281335 	5.409622 	0.756592 	0.039122 	
12.171925 	2.938280 	5.466791 	0.698149 	0.000000 	
7.038367 	2.839685 	5.620029 	0.815590 	0.100743 	
13.271331 	2.266434 	5.662674 	0.767661 	0.000000 	
10.115332 	3.233457 	5.460718 	0.786639 	0.000000 	
3.304365 	3.794840 	5.480611 	0.787688 	0.100122 	
5.745437 	3.265449 	5.410444 	0.759101 	0.040462 	
4.068268 	2.936863 	5.566269 	0.801965 	0.075542 	
11.307512 	3.898538 	5.565895 	0.782090 	0.000000 	
2.638744 	0.756708 	5.481580 	0.802934 	0.069399 	
3.627474 	1.575447 	5.531740 	0.753341 	0.056492 	
9.935014 	2.300236 	5.620395 	0.780729 	0.178713 	
4.861051 	0.459309 	5.656504 	0.816835 	0.174812 	
11.549009 	0.989159 	5.521772 	0.818544 	0.000000 	
11.146203 	1.306971 	5.667731 	0.797428 	0.000000 	
12.074157 	2.742493 	5.414176 	0.693804 	0.000000 	
5.158051 	2.725914 	5.458896 	0.787582 	0.038277 	
11.328653 	2.666790 	5.357381 	0.692086 	0.000000 	
5.299837 	1.361778 	5.675785 	0.808199 	0.126315 	
12.391026 	2.594170 	5.528897 	0.702121 	0.000000 	
9.944750 	1.234714 	5.503896 	0.798366 	0.046341 	
6.684888 	2.658227 	5.554960 	0.773762 	0.039596 	
8.163191 	1.037516 	5.288072 	0.650156 	0.008729 	
-1.551257 	-0.539562 	5.568417 	-1.000000 	0.000000 	
7.283926 	1.957380 	5.524165 	0.729004 	0.030515 	
10.466083 	2.678597 	5.594956 	0.775767 	0.000000 	
9.924406 	1.556226 	5.585156 	0.785836 	0.078746 	
7.777488 	4.304476 	5.255265 	0.762378 	0.000000 	
11.569303 	2.345642 	5.524355 	0.763636 	0.000000 	
4.249132 	1.912857 	5.386314 	0.706890 	0.008056 	
8.789333 	0.980196 	5.768470 	0.801468 	0.540460 	
9.362646 	3.067066 	5.552631 	0.772891 	0.056594 	
10.070454 	5.123839 	5.560433 	0.766428 	0.000000 	
4.932808 	2.783029 	5.381473 	0.713209 	0.007694 	
9.925394 	4.594794 	5.599783 	0.773979 	0.000000 	
8.325298 	1.465134 	5.660408 	0.799946 	0.126674 	
12.183253 	0.463973 	5.550327 	0.798289 	0.000000 	
3.689220 	2.116723 	5.589070 	0.788474 	0.056596 	
11.042984 	2.868773 	5.541843 	0.777943 	0.000000 	
5.505904 	6.155270 	5.351671 	0.761015 	0.000000 	
7.646380 	1.237602 	5.422929 	0.752426 	0.027715 	
6.911723 	3.632768 	5.475765 	0.782545 	0.163923 	
10.900290 	2.173149 	5.389585 	0.719846 	0.000000 	
10.369736 	2.431888 	5.326351 	0.779777 	0.000000 	
11.596283 	3.220064 	5.572698 	0.771401 	0.000000 	
13.664098 	2.762378 	5.507685 	0.747668 	0.000000 	
7.911872 	0.943098 	5.624658 	0.773947 	0.132471 	
9.406383 	2.460852 	5.561264 	0.768964 	0.122847 	
8.940123 	2.111760 	5.383971 	0.705123 	0.020049 	
6.376177 	1.990622 	5.474213 	0.682447 	0.056908 	
9.573398 	2.050438 	5.314457 	0.725965 	0.010768 	
9.561524 	0.545541 	5.538412 	0.747199 	0.083194 	
5.560461 	1.291351 	5.440137 	0.704169 	0.053579 	
6.916217 	1.650374 	5.279666 	0.709722 	0.007909 	
9.046577 	2.185458 	5.508652 	0.696340 	0.063560 	
8.758903 	3.867129 	5.412677 	0.681676 	0.101545 	
7.507082 	0.797700 	5.301441 	0.720223 	0.011543 	
10.424636 	0.340848 	5.476637 	0.734523 	0.000000 	
11.629883 	0.289862 	5.525996 	0.777880 	0.000000 	
9.591598 	2.242594 	5.595117 	0.763515 	0.143988 	
8.650362 	3.682191 	5.334316 	0.694236 	0.013203 	
11.181050 	3.455323 	5.445043 	0.735665 	0.000000 	
10.249309 	1.405050 	5.438291 	0.724012 	0.000000 	
8.477919 	2.084574 	5.389999 	0.716310 	0.019981 	
8.581546 	6.227282 	5.378674 	0.724031 	0.000000 	
8.309034 	3.417967 	5.451810 	0.669059 	0.038937 	
5.766306 	0.845174 	5.329895 	0.684421 	0.023036 	
6.673983 	0.311139 	5.363226 	0.675593 	0.032266 	
7.372133 	6.493838 	5.513616 	0.769029 	0.000000 	
8.204152 	0.116534 	5.517047 	0.746526 	0.129435 	
5.956800 	1.307611 	5.208775 	0.650953 	0.007314 	
8.331312 	2.515911 	5.280253 	0.725070 	0.007668 	
8.062219 	0.728882 	5.473840 	0.742327 	0.063468 	
7.241338 	1.321544 	5.514310 	0.747222 	0.091273 	
16.446850 	0.643892 	5.491746 	0.694327 	0.000000 	
5.601853 	2.474735 	5.573733 	0.750636 	0.330353 	
7.322718 	1.233290 	5.484610 	0.717151 	0.065877 	
9.911213 	4.645916 	5.477748 	0.755222 	0.000000 	
4.536007 	2.720647 	5.441914 	0.760753 	0.098484 	
8.070643 	0.445700 	5.483038 	0.743568 	0.078705 	
9.523618 	2.568158 	5.337522 	0.653038 	0.037658 	
9.644420 	1.913878 	5.528689 	0.741705 	0.249963 	
8.297612 	1.176459 	5.477192 	0.681590 	0.071049 	
5.490865 	1.024201 	5.386427 	0.672956 	0.033575 	
6.620489 	2.615935 	5.275189 	0.736791 	0.014646 	
9.520259 	0.463230 	5.477845 	0.673070 	0.109113 	
7.256439 	0.835673 	5.396122 	0.724330 	0.029070 	
7.257671 	1.959415 	5.435528 	0.696563 	0.042847 	
5.657112 	0.891716 	5.293473 	0.630339 	0.015966 	
9.131377 	2.260702 	5.220551 	0.673024 	0.013380 	
7.667993 	2.613679 	5.376624 	0.690930 	0.031596 	
6.197100 	2.213455 	5.430177 	0.741276 	0.042573 	
5.666661 	0.564863 	5.500333 	0.728965 	0.111482 	
6.017959 	2.641845 	5.472619 	0.742299 	0.069312 	
6.850796 	0.511903 	5.360279 	0.679018 	0.023279 	
5.996672 	1.918965 	5.323330 	0.666703 	0.018295 	
6.397886 	0.494034 	5.208411 	0.669788 	0.008379 	
4.793125 	4.620725 	5.179355 	0.729600 	0.000000 	
4.026145 	2.221105 	5.442231 	0.737710 	0.077817 	
12.461612 	1.216737 	5.286731 	0.732898 	0.000000 	
9.652482 	1.871691 	5.387842 	0.701303 	0.053694 	
7.704915 	1.603732 	5.174673 	0.662572 	0.006652 	
8.242444 	1.537501 	5.312109 	0.708539 	0.021648 	
2.245721 	1.470904 	5.281588 	0.695272 	0.043781 	
7.865521 	1.573563 	5.428666 	0.717021 	0.068578 	
3.726746 	2.446994 	5.252735 	0.709127 	0.022616 	
12.369134 	2.264931 	5.398321 	0.654286 	0.000000 	
8.726906 	0.671268 	5.480077 	0.726673 	0.161583 	
9.219554 	1.606243 	5.454839 	0.700618 	0.101888 	
8.260375 	2.820518 	5.479166 	0.718476 	0.192675 	
8.813920 	2.495115 	5.406551 	0.699654 	0.068899 	
5.935507 	2.764406 	5.287668 	0.703721 	0.022377 	
5.951671 	1.537940 	5.211086 	0.668411 	0.009193 	
11.558672 	0.608386 	5.503828 	0.733831 	0.000000 	
6.799685 	3.286064 	5.353782 	0.704744 	0.057852 	
8.381044 	0.836414 	5.288885 	0.687648 	0.021142 	
6.662955 	1.961792 	5.350562 	0.657754 	0.030422 	
6.600690 	2.033261 	5.344937 	0.651445 	0.029121 	
12.941237 	2.284323 	5.488668 	0.698388 	0.000000 	
9.315217 	0.118304 	5.395005 	0.703632 	0.087880 	
9.538986 	1.057737 	5.397839 	0.674058 	0.073906 	
8.387728 	0.224881 	5.241521 	0.585616 	0.019488 	
15.516807 	0.714439 	5.365779 	0.704353 	0.000000 	
4.164392 	2.351318 	5.326814 	0.696994 	0.065369 	
6.846291 	3.227991 	5.373200 	0.702264 	0.072119 	
4.829931 	2.493022 	5.343008 	0.696530 	0.066401 	
6.939973 	2.166233 	5.310932 	0.657253 	0.025945 	
6.378240 	1.567130 	5.237409 	0.625900 	0.013353 	
8.238700 	0.829534 	5.203833 	0.627058 	0.011166 	
5.560541 	0.177913 	5.001661 	0.576072 	0.004302 	
7.335002 	3.442888 	5.348552 	0.657695 	0.055811 	
10.585338 	0.965043 	5.340829 	0.660382 	0.000000 	
8.208574 	1.841092 	5.338068 	0.697879 	0.031520 	
8.671596 	1.591566 	5.469557 	0.707623 	0.177179 	
8.099497 	1.141244 	5.399953 	0.700456 	0.070788 	
6.753374 	3.041680 	5.276972 	0.672896 	0.022262 	
6.504391 	1.522111 	5.463393 	0.701351 	0.219955 	
11.816993 	4.440462 	5.287736 	0.681109 	0.000000 	
6.758987 	0.410947 	5.346054 	0.671017 	0.058409 	
3.286102 	2.568878 	5.180539 	0.673277 	0.012028 	
10.439143 	4.306691 	5.194793 	0.655289 	0.000000 	
6.800601 	0.916808 	5.389254 	0.698253 	0.098623 	
6.822347 	1.090777 	5.271678 	0.641632 	0.022443 	
10.725294 	3.083660 	5.211257 	0.642960 	0.000000 	
7.368803 	1.087592 	5.401433 	0.663939 	0.106424 	
8.011669 	0.025321 	5.361319 	0.661777 	0.110681 	
3.461963 	0.864291 	5.078000 	0.648661 	0.007951 	
8.313328 	3.713947 	5.325303 	0.695277 	0.085541 	
6.514601 	0.842525 	5.201571 	0.673806 	0.012271 	
3.353808 	0.496994 	5.224372 	0.597047 	0.048555 	
7.401983 	3.008618 	5.294639 	0.643212 	0.033047 	
7.038497 	0.219395 	5.299774 	0.631358 	0.045671 	
5.358072 	0.724807 	5.106716 	0.698256 	0.006411 	
7.171741 	0.895832 	5.390920 	0.691164 	0.098813 	
7.836487 	1.615399 	5.399447 	0.670317 	0.097125 	
3.537436 	0.533014 	5.265955 	0.606950 	0.069292 	
8.681536 	0.438142 	5.293032 	0.672323 	0.039966 	
8.448136 	2.608410 	5.247457 	0.648077 	0.020428 	
7.795409 	2.074319 	5.268371 	0.690754 	0.020282 	
4.454647 	0.150050 	5.284292 	0.604942 	0.076477 	
3.961271 	1.523393 	5.242941 	0.649589 	0.033460 	
5.866513 	2.629348 	5.097289 	0.670897 	0.010212 	
8.089829 	0.844235 	5.415168 	0.622121 	0.278442 	
5.302555 	0.038137 	5.352455 	0.649022 	0.128116 	
9.893997 	0.564385 	5.197720 	0.617871 	0.029096 	
9.261784 	4.717494 	5.256168 	0.669492 	0.000000 	
9.514305 	2.830548 	5.228292 	0.659008 	0.040285 	
5.684306 	0.569694 	5.255877 	0.610410 	0.026620 	
5.784767 	0.193138 	5.169903 	0.567593 	0.010896 	
9.161779 	1.644497 	5.299374 	0.671544 	0.060977 	
11.323002 	1.676570 	5.332687 	0.635303 	0.000000 	
4.476309 	0.628334 	5.352127 	0.658883 	0.145049 	
8.533816 	0.167032 	5.249901 	0.604859 	0.031629 	
7.786709 	0.960212 	5.326832 	0.654753 	0.063525 	
6.678626 	1.226804 	5.218595 	0.612448 	0.017363 	
6.417714 	1.960275 	5.226826 	0.659664 	0.022126 	
12.233130 	2.186518 	5.256833 	0.664961 	0.000000 	
3.935654 	0.213265 	5.098437 	0.564318 	0.005750 	
6.313065 	2.430175 	5.316572 	0.658447 	0.079410 	
4.869056 	1.311610 	5.206950 	0.667504 	0.017042 	
4.614924 	0.673568 	5.271306 	0.626488 	0.055553 	
6.872892 	1.528008 	5.315678 	0.616869 	0.098276 	
11.257055 	3.306241 	5.230617 	0.660352 	0.000000 	
7.130512 	0.714775 	5.303623 	0.625290 	0.074419 	
5.387841 	0.397417 	5.128159 	0.569520 	0.009197 	
5.002338 	0.627421 	5.146046 	0.574536 	0.010997 	
12.774833 	1.414040 	5.249013 	0.618423 	0.000000 	
9.875299 	0.682245 	5.330062 	0.634913 	0.173483 	
10.650341 	0.892515 	5.228117 	0.631826 	0.000000 	
6.606937 	0.741936 	5.260625 	0.655251 	0.040113 	
2.983031 	0.490389 	5.222811 	0.603884 	0.044729 	
12.276662 	0.878800 	5.240341 	0.635122 	0.000000 	
7.605942 	0.351840 	5.209425 	0.654137 	0.023635 	
6.269861 	1.428717 	5.205744 	0.629786 	0.020401 	
6.548014 	3.626651 	5.289333 	0.653513 	0.316291 	
4.433457 	0.423167 	5.152865 	0.556437 	0.013617 	
8.814070 	0.529402 	5.104436 	0.605255 	0.007888 	
10.298022 	1.648959 	5.178937 	0.612356 	0.000000 	
4.779150 	0.456616 	5.229498 	0.600673 	0.031851 	
2.802134 	0.774629 	5.262943 	0.587226 	0.079550 	
-2.848220 	-0.812737 	5.278411 	-1.000000 	0.000000 	
5.927756 	1.008537 	5.262712 	0.608741 	0.051829 	
9.447984 	0.175649 	5.219679 	0.590524 	0.054952 	
-1.457618 	-0.258295 	5.188135 	-1.000000 	0.000000 	
6.559782 	0.927581 	5.168152 	0.595951 	0.021134 	
6.165651 	1.189707 	5.279756 	0.605478 	0.066162 	
12.646921 	0.405619 	5.321178 	0.618191 	0.000000 	
9.737400 	0.328830 	5.197801 	0.629965 	0.049710 	
5.268543 	0.337608 	5.263821 	0.633232 	0.060847 	
4.188759 	0.270076 	5.328284 	0.625120 	0.270517 	
2.801030 	0.188606 	5.252289 	0.630993 	0.072668 	
6.144653 	0.503517 	5.273305 	0.601625 	0.066036 	
1.892248 	0.535090 	5.148240 	0.593269 	0.027721 	
4.125420 	1.864908 	5.255795 	0.613204 	0.053016 	
9.045418 	0.589314 	5.150026 	0.633075 	0.030741 	
7.459734 	0.318877 	5.245453 	0.591929 	0.048736 	
-1.246871 	-1.393849 	5.387863 	-1.049724 	0.000000 	
8.963846 	1.201358 	5.173259 	0.588097 	0.032250 	
5.519939 	0.553308 	5.203018 	0.591843 	0.027174 	
9.355080 	1.104708 	5.258751 	0.627225 	0.066507 	
-1.276408 	-0.639669 	5.217147 	-1.000000 	0.000000 	
4.588557 	0.703176 	5.081517 	0.579144 	0.013632 	
8.077189 	0.576262 	5.047477 	0.559261 	0.009958 	
8.939651 	0.347438 	5.227481 	0.577498 	0.059378 	
6.872707 	0.083835 	5.153889 	0.559115 	0.022891 	
9.284578 	0.420587 	5.112683 	0.561392 	0.014823 	
4.703963 	0.581116 	5.305609 	0.624559 	0.183278 	
6.119245 	0.788910 	5.246067 	0.583063 	0.064050 	
4.337363 	0.106444 	5.060302 	0.545744 	0.016289 	
0.915303 	0.141933 	5.122376 	0.622907 	0.038963 	
7.461421 	0.578326 	5.223809 	0.613563 	0.045534 	
5.497622 	0.456692 	5.292420 	0.606678 	0.137679 	
13.516645 	1.070307 	5.074774 	0.575234 	0.000000 	
9.036841 	0.428411 	5.182940 	0.610052 	0.030065 	
8.379929 	0.499937 	5.176809 	0.573950 	0.025582 	
5.868812 	0.211313 	5.103662 	0.535779 	0.015051 	
6.094711 	0.083878 	5.278423 	0.619613 	0.123076 	
2.461561 	0.042481 	5.221249 	0.569911 	0.070837 	
11.010383 	0.449002 	5.242183 	0.605038 	0.000000 	
7.154439 	0.432961 	5.284004 	0.618857 	0.128916 	
8.515501 	0.151646 	5.087541 	0.577810 	0.013911 	
4.195824 	0.146574 	5.252369 	0.581255 	0.138932 	
8.088833 	0.260490 	5.134250 	0.579657 	0.020128 	
5.859333 	0.480234 	5.181006 	0.590868 	0.031952 	
6.732863 	0.112407 	5.266878 	0.595919 	0.169394 	
3.143525 	0.481788 	5.200151 	0.560205 	0.063863 	
9.021700 	0.247952 	5.205074 	0.565985 	0.066012 	
8.986572 	0.164860 	5.200377 	0.581376 	0.068861 	
5.666108 	0.364538 	5.165293 	0.571377 	0.026267 	
6.285738 	0.165279 	5.178031 	0.595031 	0.036427 	
10.614275 	0.320359 	5.139214 	0.605516 	0.000000 	
3.681558 	0.260551 	5.062734 	0.555217 	0.009459 	
3.994932 	0.198056 	5.121744 	0.567923 	0.019578 	
7.347171 	0.164399 	5.113508 	0.610176 	0.016341 	
12.315699 	0.062527 	5.034687 	0.608058 	0.000000 	
8.905464 	0.621025 	5.165834 	0.594232 	0.036613 	
4.635301 	0.420885 	5.245301 	0.598748 	0.090928 	
4.516647 	0.261623 	5.131015 	0.577533 	0.019921 	
5.915216 	0.483652 	5.229915 	0.600277 	0.064246 	
3.021629 	0.192666 	5.227078 	0.582297 	0.107166 	
9.134727 	0.321016 	5.110708 	0.577069 	0.031939 	
10.494591 	0.047851 	5.068722 	0.583731 	0.000000 	
7.061905 	0.031537 	5.192783 	0.583953 	0.084730 	
11.864560 	0.072904 	5.123397 	0.585579 	0.000000 	
5.288126 	0.041341 	5.208111 	0.575710 	0.098058 	
13.370969 	0.229187 	5.118104 	0.593684 	0.000000 	
9.518111 	0.248722 	5.181853 	0.590758 	0.078073 	
4.241792 	0.010095 	5.195512 	0.556901 	0.097425 	
7.455188 	0.003247 	5.146375 	0.562739 	0.000000 	
3.615155 	0.174883 	5.152147 	0.570049 	0.042468 	
11.083014 	0.467984 	5.222932 	0.582104 	0.000000 	
4.513096 	0.354045 	5.132381 	0.585814 	0.030411 	
4.613999 	0.063884 	5.224642 	0.570932 	0.124417 	
5.609171 	0.253524 	5.205675 	0.577039 	0.069665 	
5.854852 	0.225628 	5.165230 	0.581124 	0.039635 	
6.024256 	0.263975 	5.176985 	0.570190 	0.045751 	
4.147511 	0.488421 	5.184177 	0.587930 	0.071988 	
3.298181 	0.013972 	5.203374 	0.575440 	0.121851 	
4.871246 	0.126883 	5.191099 	0.542699 	0.063590 	
10.798811 	0.146225 	5.162451 	0.582009 	0.000000 	
4.304376 	0.160234 	5.186109 	0.577169 	0.024982 	
2.114897 	0.221277 	5.159493 	0.574024 	0.036213 	
5.021281 	0.547820 	5.138675 	0.567098 	0.053696 	
1.472774 	0.003204 	5.197708 	0.575535 	0.000000 	
5.866506 	0.447697 	5.173974 	0.576150 	0.044728 	
5.003684 	0.056084 	5.194692 	0.560948 	0.027102 	
5.300352 	0.308263 	5.166746 	0.549760 	0.025422 	
4.673131 	0.153911 	5.206065 	0.552194 	0.035209 	
5.088874 	0.779028 	5.158760 	0.533100 	0.260455 	
7.851190 	0.096362 	5.111659 	0.567305 	0.042149 	
8.921457 	0.544443 	5.187062 	0.571729 	0.175036 	
9.125122 	0.194581 	5.097011 	0.581177 	0.047066 	
7.773212 	0.162257 	5.180304 	0.571170 	0.032261 	
4.889236 	0.210765 	5.215866 	0.567156 	0.050333 	
11.991603 	0.147255 	5.226838 	0.557881 	0.000000 	
3.233032 	0.191526 	5.151136 	0.554047 	0.025214 	
5.004517 	0.034451 	5.203956 	0.564748 	0.032993 	
5.414052 	0.315921 	5.159956 	0.568707 	0.024824 	
5.680510 	0.148979 	5.197304 	0.561490 	0.029456 	
2.827566 	0.042408 	5.137789 	0.526406 	0.032861 	
5.385390 	0.262223 	5.222639 	0.569716 	0.142029 	
3.682861 	0.001244 	5.167335 	0.543122 	0.000000 	
6.233495 	0.243872 	5.243331 	0.567804 	0.347215 	
8.549813 	0.761681 	5.094258 	0.571601 	0.028245 	
6.750463 	0.759652 	5.116396 	0.547382 	0.018968 	
1.582252 	0.280593 	5.103957 	0.559153 	0.033506 	
3.839902 	0.090438 	5.165348 	0.555845 	0.038357 	
5.340488 	0.159575 	5.127755 	0.549296 	0.020496 	
4.069328 	0.780867 	5.148390 	0.546384 	0.024982 	
6.035547 	0.054518 	5.119695 	0.544483 	0.022902 	
5.716493 	0.235202 	5.176163 	0.556284 	0.035816 	
-2.259779 	-0.045469 	5.216512 	-1.000000 	0.000000 	
-3.671378 	-0.168395 	5.249673 	-1.000000 	0.000000 	
2.861563 	0.225368 	5.154079 	0.545346 	0.032704 	
7.151647 	0.211660 	5.186469 	0.562744 	0.050389 	
2.961000 	0.150991 	5.146349 	0.566775 	0.031147 	
6.150110 	0.371799 	5.141351 	0.571219 	0.018974 	
2.667341 	0.315786 	5.200095 	0.548115 	0.095183 	
7.427071 	0.215802 	5.163250 	0.568406 	0.032234 	
6.312175 	0.252210 	5.160652 	0.552610 	0.026853 	
4.524758 	0.320146 	5.101637 	0.551166 	0.021841 	
4.608873 	0.106000 	5.133471 	0.550352 	0.031683 	
4.211027 	0.119242 	5.147971 	0.565192 	0.038469 	
3.051340 	0.130307 	5.117357 	0.521772 	0.030992 	
2.711048 	0.043489 	5.038275 	0.510272 	0.022622 	
3.637232 	0.315206 	5.189246 	0.554479 	0.074431 	
5.618298 	0.101105 	5.071698 	0.534516 	0.019076 	
6.100766 	0.612610 	5.190454 	0.557969 	0.187671 	
8.650869 	0.146142 	5.218450 	0.564646 	0.191001 	
-0.433117 	-0.160487 	5.119345 	-1.000000 	0.000000 	
7.362395 	0.096598 	5.115410 	0.561149 	0.033355 	
7.840027 	0.009577 	5.097853 	0.546679 	0.000000 	
3.635554 	0.098185 	5.180016 	0.544031 	0.072718 	
4.202199 	0.193031 	5.161948 	0.546338 	0.042301 	
4.157579 	0.375853 	5.158463 	0.543800 	0.046625 	
6.022326 	0.378908 	5.058021 	0.561609 	0.019821 	
3.871085 	0.579685 	5.161720 	0.551856 	0.108540 	
-0.461017 	-0.055261 	5.288997 	-1.000000 	0.000000 	
6.655650 	0.030043 	5.120574 	0.555602 	0.036865 	
3.261727 	0.143565 	5.087779 	0.548532 	0.021988 	
3.045114 	0.125284 	5.071618 	0.520469 	0.020447 	
3.946383 	0.000074 	5.113602 	0.525174 	0.000000 	
2.144658 	0.214382 	5.161625 	0.555422 	0.095598 	
3.799434 	0.032683 	5.013133 	0.514758 	0.012724 	
4.457429 	0.099284 	5.074742 	0.516039 	0.019147 	
3.711065 	0.252822 	5.148395 	0.552412 	0.054026 	
-0.684245 	-0.023865 	5.163612 	-1.000000 	0.000000 	
3.048619 	0.260494 	5.055535 	0.543711 	0.017050 	
3.103368 	0.125815 	5.167469 	0.547234 	0.096197 	
-1.246988 	-0.033811 	5.093698 	-1.000000 	0.000000 	
5.855929 	0.253458 	5.024182 	0.548467 	0.013075 	
5.533501 	0.052184 	5.000676 	0.553500 	0.012125 	
-0.943149 	-0.061193 	5.199383 	-1.000000 	0.000000 	
-3.232147 	-0.349549 	5.017084 	-1.000000 	0.000000 	
2.306002 	0.103951 	5.063918 	0.526387 	0.022038 	
2.975365 	0.037621 	5.181894 	0.553438 	0.158699 	
3.292806 	0.043467 	5.156471 	0.552026 	0.083146 	
3.956759 	0.044545 	5.211705 	0.555539 	0.302321 	
2.864511 	0.016255 	5.063143 	0.514110 	0.021732 	
2.517347 	0.581153 	5.140585 	0.549083 	0.071674 	
2.965609 	0.240477 	5.047084 	0.530752 	0.012462 	
3.258255 	0.058400 	5.154533 	0.535866 	0.047495 	
3.143665 	0.261049 	5.089448 	0.523525 	0.021276 	
6.102567 	0.044402 	5.053919 	0.549236 	0.086804 	
4.444915 	0.052770 	5.167631 	0.551137 	0.086982 	
4.659374 	0.062340 	5.113643 	0.541131 	0.043829 	
3.713444 	0.036095 	5.135755 	0.544808 	0.036788 	
1.697296 	0.034960 	5.084650 	0.521386 	0.034920 	
5.147945 	0.128578 	5.045851 	0.546420 	0.028321 	
3.838619 	0.043443 	5.087035 	0.521423 	0.019527 	
1.990854 	0.013444 	5.134450 	0.532634 	0.059974 	
2.188601 	0.012687 	5.148334 	0.532975 	0.066362 	
2.791062 	0.038491 	5.149006 	0.537620 	0.047680 	
2.903583 	0.057373 	5.155349 	0.536357 	0.050969 	
2.590593 	0.054381 	5.163547 	0.528893 	0.066862 	
1.758495 	0.103040 	5.103835 	0.537611 	0.040412 	
3.689827 	0.388976 	5.038937 	0.542968 	0.019714 	
4.901446 	0.361961 	5.148056 	0.549651 	0.183194 	
1.421079 	0.043327 	5.058106 	0.538467 	0.032673 	
3.511606 	0.099198 	5.066504 	0.525472 	0.013757 	
4.944901 	0.414526 	5.102220 	0.516843 	0.073408 	
5.700716 	0.144026 	5.063492 	0.539814 	0.025494 	
2.069007 	0.145834 	5.053495 	0.534404 	0.020015 	
4.869764 	0.210355 	5.191248 	0.540974 	0.349652 	
5.436167 	0.023736 	5.067798 	0.534578 	0.026395 	
3.324074 	0.200627 	5.020963 	0.534762 	0.014298 	
1.851043 	0.070048 	5.122380 	0.537000 	0.052287 	
4.739535 	0.015281 	5.106910 	0.529988 	0.042629 	
5.387981 	0.022686 	5.110481 	0.534159 	0.054127 	
2.360082 	0.308808 	5.048042 	0.533495 	0.028393 	
-0.529212 	-0.123793 	5.101775 	-1.000000 	0.000000 	
4.493026 	0.047720 	5.111752 	0.538593 	0.042221 	
-0.675176 	-0.092911 	5.013199 	-1.000000 	0.000000 	
2.737052 	0.024205 	5.144356 	0.530542 	0.073756 	
4.637902 	0.062029 	5.083957 	0.530822 	0.027063 	
3.307315 	0.018557 	5.112593 	0.526607 	0.038709 	
2.938826 	0.092259 	5.122674 	0.541258 	0.045271 	
2.555663 	0.126461 	5.107109 	0.536239 	0.036370 	
3.671421 	0.165105 	5.101064 	0.541019 	0.032975 	
2.897939 	0.108469 	5.052250 	0.539525 	0.016936 	
4.256107 	0.002395 	4.980235 	0.528793 	0.000000 	
2.679121 	0.151625 	5.065209 	0.490449 	0.032279 	
5.385466 	0.077774 	5.096405 	0.536491 	0.055276 	
2.556744 	0.138887 	5.010220 	0.493203 	0.016333 	
5.718088 	0.444078 	5.120898 	0.532031 	0.235169 	
2.645867 	0.230978 	5.059694 	0.505136 	0.035336 	
2.425147 	0.028741 	5.129656 	0.524477 	0.123345 	
2.724205 	0.096648 	5.140286 	0.519474 	0.132437 	
3.901444 	0.088225 	5.092520 	0.517771 	0.042165 	
4.758007 	0.227446 	5.033945 	0.531602 	0.022756 	
3.028975 	0.078900 	5.092761 	0.532934 	0.046642 	
-0.540615 	-0.169624 	5.152413 	-1.000000 	0.000000 	
1.510796 	0.068870 	5.012366 	0.535406 	0.024896 	
2.798478 	0.230584 	5.010758 	0.530796 	0.018091 	
2.187112 	0.051237 	5.071254 	0.496577 	0.041399 	
3.395089 	0.080451 	5.014767 	0.518039 	0.015065 	
3.502798 	0.172723 	5.005216 	0.528688 	0.014106 	
1.658238 	0.059549 	5.018843 	0.500231 	0.025185 	
3.319986 	0.076863 	5.134416 	0.520569 	0.102928 	
3.640351 	0.167423 	5.022906 	0.519482 	0.016591 	
4.356600 	0.221307 	5.084057 	0.520813 	0.046011 	
1.867836 	0.123290 	5.024281 	0.513844 	0.017535 	
-3.851326 	-0.031474 	5.213866 	-1.000000 	0.000000 	
2.495714 	0.028309 	5.071489 	0.512173 	0.034878 	
2.116551 	0.088250 	5.038282 	0.527209 	0.020503 	
-0.696077 	-0.249521 	5.105579 	-1.000000 	0.000000 	
2.223983 	0.061363 	5.117602 	0.523768 	0.090136 	
3.112717 	0.074957 	5.091503 	0.530042 	0.046906 	
3.061709 	0.444835 	5.132560 	0.520084 	0.247924 	
3.168335 	0.223113 	5.129974 	0.522922 	0.122261 	
4.078683 	0.030119 	5.074398 	0.519623 	0.038710 	
2.903926 	0.025451 	5.105177 	0.520470 	0.065520 	
2.823834 	0.073709 	5.138384 	0.530759 	0.141326 	
1.858147 	0.085872 	5.021577 	0.518534 	0.017040 	
-0.660648 	-0.055525 	5.053165 	-1.000000 	0.000000 	
-0.814438 	-0.180242 	5.059531 	-1.000000 	0.000000 	
3.882397 	0.045060 	5.097240 	0.515364 	0.056833 	
-1.639819 	-0.105341 	4.956331 	-1.000000 	0.000000 	
3.154062 	0.195886 	5.096900 	0.519254 	0.054419 	
1.213540 	0.003277 	5.007772 	0.519920 	0.000000 	
2.178677 	0.128778 	5.054691 	0.513355 	0.042494 	
3.800980 	0.017714 	5.096259 	0.520146 	0.064403 	
2.914152 	0.009424 	5.071483 	0.507399 	0.000000 	
4.019889 	0.049561 	5.026730 	0.516896 	0.051986 	
2.692644 	0.067600 	5.013080 	0.517335 	0.036612 	
2.759879 	0.039001 	5.075248 	0.511201 	0.038018 	
3.109636 	0.021547 	5.086754 	0.519559 	0.042431 	
2.647602 	0.064484 	5.076820 	0.496595 	0.038659 	
3.556391 	0.132821 	5.146674 	0.518878 	0.168134 	
2.619867 	0.272239 	5.052878 	0.518562 	0.040327 	
2.033764 	0.090034 	5.054010 	0.515928 	0.046785 	
3.149253 	0.077462 	5.042553 	0.517587 	0.033453 	
1.863577 	0.084990 	4.968958 	0.518561 	0.043441 	
1.972667 	0.055725 	5.060310 	0.520072 	0.052194 	
3.329158 	0.004430 	5.076989 	0.512138 	0.000000 	
3.207259 	0.074031 	5.099076 	0.510127 	0.047242 	
4.172258 	0.187031 	5.100583 	0.517823 	0.084228 	
3.102759 	0.040454 	5.063655 	0.517760 	0.034636 	
1.880367 	0.112825 	5.086002 	0.520337 	0.072722 	
2.994413 	0.046869 	5.113412 	0.512855 	0.062236 	
1.580986 	0.073994 	4.935589 	0.513509 	0.019681 	
3.278837 	0.001105 	5.091195 	0.511522 	0.000000 	
2.810567 	0.046387 	5.033956 	0.514459 	0.045101 	
2.334216 	0.003830 	4.989146 	0.493637 	0.000000 	
3.285744 	0.094158 	5.053031 	0.515900 	0.065108 	
2.569737 	0.118151 	5.002361 	0.500712 	0.030849 	
3.303338 	0.009606 	5.023802 	0.517006 	0.000000 	
3.050493 	0.028476 	5.094146 	0.506230 	0.166096 	
3.018797 	0.162034 	5.030678 	0.516466 	0.061453 	
2.777674 	0.053265 	5.070481 	0.511543 	0.088347 	
2.886725 	0.073557 	5.038241 	0.518537 	0.046670 	
2.925505 	0.006446 	4.966172 	0.518424 	0.000000 	
-0.565491 	-0.031143 	5.067351 	-1.000000 	0.000000 	
2.060094 	0.070890 	5.031729 	0.510966 	0.048280 	
3.546105 	0.187475 	5.077006 	0.513143 	0.180526 	
2.540082 	0.068571 	5.043601 	0.515735 	0.052229 	
2.349618 	0.091871 	5.053550 	0.505027 	0.066128 	
2.097867 	0.009350 	5.087218 	0.518174 	0.000000 	
3.092340 	0.009667 	4.957206 	0.514826 	0.000000 	
2.776223 	0.093776 	5.087949 	0.510615 	0.129530 	
2.033286 	0.031606 	5.066956 	0.508012 	0.095859 	
2.612147 	0.090108 	5.013522 	0.494428 	0.020559 	
2.770452 	0.060994 	5.053285 	0.502021 	0.034772 	
2.642294 	0.062739 	5.062042 	0.513706 	0.042904 	
2.535253 	0.054497 	5.044220 	0.514936 	0.032298 	
3.477457 	0.048052 	5.049023 	0.507845 	0.049290 	
1.722611 	0.044932 	5.070526 	0.514472 	0.171035 	
2.057853 	0.023870 	5.077817 	0.513387 	0.131276 	
2.497142 	0.050821 	5.099881 	0.512690 	0.142680 	
3.093074 	0.014692 	5.005592 	0.501268 	0.029621 	
3.058786 	0.084951 	5.022354 	0.508597 	0.022862 	
2.724672 	0.163256 	5.027249 	0.511041 	0.032313 	
2.948251 	0.070239 	5.022483 	0.502120 	0.022408 	
3.063072 	0.046127 	5.100983 	0.515763 	0.132086 	
2.823158 	0.000686 	5.072200 	0.502547 	0.000000 	
3.321154 	0.004878 	5.084674 	0.509388 	0.000000 	
2.936980 	0.075269 	4.989732 	0.509653 	0.019462 	
2.371962 	0.079796 	4.989522 	0.511823 	0.020575 	
2.006560 	0.003770 	5.081804 	0.504019 	0.000000 	
2.528141 	0.001015 	5.073160 	0.504488 	0.000000 	
1.907486 	0.049472 	5.003394 	0.502567 	0.024080 	
2.754278 	0.043826 	5.025977 	0.509869 	0.023923 	
2.183823 	0.088274 	5.008431 	0.505463 	0.030139 	
2.838540 	0.040227 	5.038025 	0.502341 	0.028406 	
2.451388 	0.077924 	5.010279 	0.506628 	0.024015 	
2.733650 	0.183198 	5.032048 	0.511933 	0.319521 	
2.101754 	0.035453 	5.038455 	0.497470 	0.026409 	
1.650090 	0.065798 	5.028870 	0.511671 	0.034969 	
3.206613 	0.014666 	5.027651 	0.504525 	0.044476 	
2.519031 	0.017915 	5.072690 	0.510355 	0.054502 	
2.906106 	0.014821 	5.094162 	0.510265 	0.118734 	
2.284567 	0.048258 	4.985299 	0.488123 	0.020770 	
3.315286 	0.072976 	4.980502 	0.509743 	0.025260 	
2.269026 	0.074143 	5.003326 	0.495791 	0.023138 	
2.075541 	0.054248 	5.050274 	0.511529 	0.030987 	
2.401126 	0.019668 	5.010415 	0.485324 	0.025991 	
2.393756 	0.030505 	5.060178 	0.494336 	0.036011 	
3.170765 	0.022151 	5.019324 	0.507110 	0.035246 	
2.454605 	0.024951 	5.024345 	0.503911 	0.025527 	
2.850586 	0.027346 	5.065261 	0.502386 	0.047897 	
2.795685 	0.080201 	5.061999 	0.504771 	0.073384 	
1.873703 	0.087628 	5.009099 	0.495074 	0.036321 	
2.977114 	0.116411 	5.045104 	0.508747 	0.050107 	
1.952924 	0.008105 	5.028599 	0.499831 	0.000000 	
3.209724 	0.027740 	4.984383 	0.509553 	0.027867 	
3.037615 	0.067523 	5.074937 	0.498973 	0.129707 	
2.160398 	0.000012 	5.047441 	0.496740 	0.000000 	
2.815470 	0.106961 	5.010839 	0.504416 	0.022107 	
2.598238 	0.080190 	4.979271 	0.505850 	0.016483 	
2.445586 	0.181402 	5.036920 	0.506792 	0.044673 	
1.481240 	0.035799 	4.999898 	0.505644 	0.065681 	
2.094638 	0.025978 	5.057956 	0.494644 	0.096676 	
2.831798 	0.010439 	5.074904 	0.506414 	0.124158 	
2.130822 	0.017906 	5.028870 	0.502535 	0.043922 	
2.760260 	0.000489 	5.033655 	0.498330 	0.000000 	
2.338163 	0.103943 	5.015661 	0.494910 	0.025100 	
2.639011 	0.098920 	5.055538 	0.508034 	0.059179 	
1.900448 	0.129883 	5.049478 	0.492251 	0.100043 	
3.077294 	0.002913 	5.020132 	0.508879 	0.000000 	
2.995115 	0.097073 	5.062714 	0.499840 	0.084590 	
2.457005 	0.004664 	5.051614 	0.497436 	0.000000 	
2.329896 	0.016124 	5.037254 	0.497407 	0.057253 	
1.559711 	0.012057 	4.987733 	0.504431 	0.048787 	
2.039000 	0.062952 	5.032652 	0.504088 	0.047399 	
2.202770 	0.037340 	4.996003 	0.498917 	0.034388 	
1.819157 	0.017471 	5.062500 	0.505291 	0.137853 	
2.495831 	0.047031 	5.026542 	0.490911 	0.039907 	
2.058989 	0.060775 	5.023709 	0.505832 	0.041240 	
2.814436 	0.004737 	5.033110 	0.504864 	0.000000 	
1.864841 	0.095838 	5.018056 	0.505749 	0.043319 	
3.186884 	0.018912 	5.033085 	0.501006 	0.067010 	
3.335803 	0.023032 	5.067441 	0.503263 	0.130502 	
2.786504 	0.021508 	5.038851 	0.499047 	0.056142 	
2.388812 	0.066433 	5.035061 	0.500330 	0.042563 	
2.395146 	0.069022 	5.028451 	0.487917 	0.038684 	
2.030135 	0.032693 	5.036465 	0.490152 	0.056972 	
2.611539 	0.032405 	4.988644 	0.504472 	0.036673 	
2.946638 	0.014618 	5.057244 	0.505363 	0.085467 	
2.644440 	0.093288 	5.020998 	0.504063 	0.035842 	
2.379628 	0.008916 	5.036327 	0.500984 	0.000000 	
1.766692 	0.017095 	5.059881 	0.504412 	0.071855 	
2.971673 	0.061476 	5.004589 	0.502475 	0.024658 	
2.760587 	0.017470 	5.002541 	0.495128 	0.020630 	
2.311497 	0.005199 	4.967876 	0.500739 	0.000000 	
2.482572 	0.000988 	5.061935 	0.500782 	0.000000 	
2.758160 	0.029204 	5.051591 	0.502679 	0.040864 	
2.216038 	0.045751 	5.025489 	0.498840 	0.022784 	
1.973957 	0.023739 	4.999067 	0.500980 	0.019437 	
1.593576 	0.013452 	4.960610 	0.498482 	0.027918 	
1.770352 	0.036922 	5.027744 	0.500888 	0.028614 	
1.847643 	0.040311 	5.046792 	0.484473 	0.043241 	
3.018951 	0.009766 	5.019169 	0.502337 	0.000000 	
2.611327 	0.052094 	5.034714 	0.500295 	0.028774 	
2.867500 	0.039562 	5.038417 	0.503516 	0.030943 	
2.168638 	0.000771 	4.971845 	0.495984 	0.000000 	
1.642545 	0.055042 	5.022485 	0.504050 	0.030524 	
1.640857 	0.021168 	4.975455 	0.504124 	0.023303 	
1.814207 	0.002688 	5.062091 	0.504133 	0.000000 	
2.092743 	0.028745 	5.068812 	0.498232 	0.080754 	
2.806097 	0.139650 	5.046211 	0.500987 	0.505703 	
2.227231 	0.023481 	5.043421 	0.502021 	0.082631 	
2.236980 	0.057278 	5.041586 	0.496147 	0.068301 	
1.965756 	0.004578 	5.007634 	0.489249 	0.000000 	
2.708331 	0.010053 	5.024660 	0.493401 	0.065226 	
1.953349 	0.011977 	4.971008 	0.500614 	0.049833 	
2.447329 	0.064248 	5.023787 	0.493726 	0.046716 	
1.647676 	0.007753 	4.962701 	0.501213 	0.000000 	
2.222488 	0.137902 	5.048394 	0.501196 	0.083141 	
3.121758 	0.173236 	5.011076 	0.487278 	0.055376 	
2.708806 	0.024790 	5.044225 	0.502849 	0.084164 	
2.916450 	0.169169 	5.009880 	0.498145 	0.049267 	
2.595743 	0.004350 	4.995351 	0.500591 	0.000000 	
2.725792 	0.062519 	5.028709 	0.494992 	0.050708 	
2.733142 	0.021330 	5.021185 	0.494132 	0.057737 	
2.856692 	0.066397 	5.035403 	0.498261 	0.057973 	
2.613927 	0.043318 	5.020761 	0.498691 	0.048949 	
2.924502 	0.051781 	5.023556 	0.490500 	0.053192 	
2.432229 	0.016741 	5.037590 	0.500878 	0.073992 	
1.900091 	0.072997 	5.036783 	0.494844 	0.072793 	
2.723407 	0.000080 	5.038146 	0.497608 	0.000000 	
2.921525 	0.060699 	5.014931 	0.491200 	0.029257 	
1.792095 	0.038474 	4.985145 	0.495408 	0.071385 	
1.871603 	0.048967 	4.988930 	0.485337 	0.062239 	
2.281866 	0.086754 	5.046906 	0.491889 	0.057864 	
2.526312 	0.024598 	5.028720 	0.497221 	0.029347 	
2.795793 	0.011864 	4.991271 	0.498375 	0.037976 	
2.409014 	0.052418 	5.067446 	0.497923 	0.152241 	
2.711317 	0.027109 	5.047103 	0.497051 	0.053874 	
2.811296 	0.002138 	5.006611 	0.497145 	0.000000 	
2.559333 	0.060955 	5.059752 	0.499491 	0.095718 	
2.420816 	0.052511 	5.061238 	0.498389 	0.102177 	
2.593734 	0.026742 	5.009398 	0.491100 	0.025550 	
1.951051 	0.078974 	5.040034 	0.500053 	0.061434 	
2.735408 	0.032712 	5.041963 	0.494320 	0.043878 	
2.554806 	0.098779 	5.016659 	0.495407 	0.029851 	
1.974462 	0.044036 	5.032006 	0.488552 	0.047076 	
2.231615 	0.051022 	4.983399 	0.483752 	0.045110 	
1.736412 	0.005338 	5.022107 	0.500676 	0.000000 	
2.389446 	0.027553 	5.048541 	0.496342 	0.055023 	
2.628150 	0.001660 	5.015830 	0.497299 	0.000000 	
2.384828 	0.010740 	4.998846 	0.496819 	0.024297 	
1.853965 	0.057226 	5.043335 	0.499157 	0.047560 	
3.311161 	0.042882 	5.050485 	0.499110 	0.155109 	
3.087122 	0.013797 	5.052522 	0.496958 	0.125813 	
2.505109 	0.063858 	5.069237 	0.489042 	0.060443 	
2.533161 	0.065240 	5.042128 	0.489202 	0.030961 	
2.169033 	0.055927 	5.008879 	0.487193 	0.016768 	
1.922780 	0.092767 	5.052785 	0.492229 	0.099173 	
2.235637 	0.058195 	5.033189 	0.499912 	0.024348 	
2.328573 	0.018279 	5.020044 	0.492106 	0.027056 	
2.252824 	0.004930 	5.045994 	0.493985 	0.000000 	
2.174588 	0.052129 	4.955379 	0.489935 	0.010901 	
2.607013 	0.023671 	5.056634 	0.495929 	0.054321 	
2.475251 	0.074878 	5.061223 	0.487960 	0.056131 	
1.708082 	0.022655 	5.021845 	0.498373 	0.052025 	
2.554470 	0.003863 	5.016304 	0.498418 	0.000000 	
1.883069 	0.020883 	4.998108 	0.481544 	0.024691 	
2.809690 	0.047945 	5.011553 	0.490897 	0.022634 	
2.512938 	0.019587 	5.077701 	0.499631 	0.116216 	
1.843319 	0.025147 	5.033582 	0.496964 	0.051554 	
