param#0 	 param#1 	 param#2 	 param#3 	 param#4 	 param#5 	 param#6 	 param#7 	 dist 	  wgt 
0.049345 	0.595368 	1.611634 	0.159439 	1.262208 	3.202657 	0.860995 	0.104889 	0.961216 	0.020000 	
0.616223 	0.332551 	1.509363 	0.134239 	0.498688 	5.282522 	0.213039 	0.256705 	1.618700 	0.020000 	
0.229099 	0.186728 	1.414044 	0.533394 	0.287370 	3.694571 	0.092141 	0.175521 	1.659746 	0.020000 	
0.740716 	0.089056 	0.842199 	0.105837 	0.445705 	3.331836 	0.045240 	0.047061 	9.894793 	0.020000 	
0.670124 	0.133200 	1.380689 	0.122871 	1.218298 	3.900020 	0.816258 	0.282004 	3.040381 	0.020000 	
0.908026 	0.038302 	1.761417 	0.118320 	0.688280 	3.486069 	1.685443 	0.264439 	3.279239 	0.020000 	
0.099327 	0.564192 	1.829613 	0.456600 	1.667911 	3.161497 	1.270202 	0.099975 	1.753283 	0.020000 	
0.225032 	0.152022 	1.833466 	0.563475 	0.764330 	3.919082 	1.088718 	0.194512 	1.690535 	0.020000 	
0.006577 	0.441330 	1.850818 	0.313935 	1.645239 	3.321194 	1.015485 	0.170069 	1.309880 	0.020000 	
0.133144 	0.452849 	1.067084 	0.529913 	1.403055 	5.725874 	0.513680 	0.152884 	2.211002 	0.020000 	
0.177181 	0.759584 	1.428533 	0.744670 	1.700851 	4.183589 	0.014718 	0.054237 	5.490740 	0.020000 	
0.232322 	0.233997 	1.943338 	0.200954 	1.893170 	5.033021 	0.405167 	0.266287 	1.995283 	0.020000 	
0.254873 	0.214490 	1.045089 	0.542252 	1.511348 	5.102276 	0.246012 	0.163587 	6.731153 	0.020000 	
0.147286 	0.674341 	1.719368 	0.225708 	1.032782 	4.582569 	0.415124 	0.197128 	1.690517 	0.020000 	
0.530690 	0.484133 	1.587898 	0.106738 	0.542570 	5.810244 	0.196321 	0.161298 	4.048589 	0.020000 	
0.081985 	0.167396 	1.907208 	0.151346 	0.881803 	3.463550 	1.190915 	0.116764 	1.120213 	0.020000 	
0.275730 	0.180233 	1.310568 	0.442654 	0.544934 	3.283097 	0.249564 	0.332915 	1.991113 	0.020000 	
0.403188 	0.480619 	1.428866 	0.127188 	0.470032 	4.756906 	1.274310 	0.207094 	1.620197 	0.020000 	
0.700578 	0.054765 	0.843064 	0.123126 	0.702749 	4.953365 	1.169143 	0.085632 	6.974564 	0.020000 	
0.279310 	0.009501 	1.252245 	0.124352 	1.156148 	5.454966 	1.517836 	0.068669 	1.228876 	0.020000 	
0.162290 	1.107991 	1.740670 	0.139783 	1.069071 	3.701652 	0.577870 	0.184015 	2.788075 	0.020000 	
0.196955 	0.487231 	1.865833 	0.122382 	1.836313 	5.412103 	1.025321 	0.265932 	2.323797 	0.020000 	
0.198109 	1.087653 	1.521562 	0.103719 	1.631982 	5.719949 	0.303468 	0.004988 	5.830878 	0.020000 	
0.246032 	0.285129 	1.981060 	0.423053 	0.690816 	3.002179 	0.099821 	0.183673 	3.543813 	0.020000 	
0.139586 	0.776543 	1.978643 	0.529531 	1.818289 	3.093222 	0.414829 	0.146382 	4.549521 	0.020000 	
0.253667 	0.338004 	1.139489 	0.375651 	0.668968 	4.933418 	0.854101 	0.117511 	4.888970 	0.020000 	
0.509295 	0.004382 	1.355292 	0.194598 	0.316855 	4.662915 	0.554828 	0.130460 	2.278743 	0.020000 	
0.214710 	0.522745 	1.482600 	0.457278 	0.642867 	3.114689 	1.312447 	0.173175 	4.751054 	0.020000 	
0.174370 	1.055420 	1.732339 	0.112630 	1.443206 	4.628459 	1.601242 	0.100849 	4.159726 	0.020000 	
0.243585 	0.462485 	1.691502 	0.111989 	0.842787 	3.127398 	0.150078 	0.206475 	1.348264 	0.020000 	
0.059026 	0.377109 	1.085042 	0.734507 	1.093942 	3.107744 	0.034246 	0.191131 	0.911084 	0.020000 	
0.137718 	0.050209 	1.275917 	0.812627 	1.727039 	4.517325 	0.152589 	0.037592 	3.214429 	0.020000 	
0.426174 	0.136086 	1.438679 	0.105374 	0.596391 	4.004066 	0.888362 	0.039715 	2.727678 	0.020000 	
0.087960 	0.534302 	1.216804 	0.216469 	0.841859 	4.469343 	1.121622 	0.063418 	0.864625 	0.020000 	
0.110591 	0.793634 	1.698972 	0.201619 	1.338662 	4.198685 	0.129057 	0.295250 	4.671512 	0.020000 	
0.252824 	0.618199 	0.977795 	0.234270 	1.420602 	4.752034 	0.567896 	0.119031 	8.929058 	0.020000 	
0.006343 	0.069715 	1.546713 	0.262788 	0.456856 	3.822494 	0.421454 	0.192285 	1.425538 	0.020000 	
0.338795 	0.667673 	1.080017 	0.127937 	0.217334 	3.841429 	0.874947 	0.055849 	4.232311 	0.020000 	
0.263718 	0.679163 	1.603749 	0.270705 	0.770952 	3.689846 	1.209474 	0.175946 	5.017220 	0.020000 	
0.292607 	0.089181 	1.070449 	0.297147 	1.919567 	3.458672 	1.429177 	0.149165 	6.018847 	0.020000 	
0.113483 	0.605431 	1.727426 	0.155541 	1.813824 	3.097714 	0.992953 	0.069288 	2.033042 	0.020000 	
0.221166 	0.294209 	0.862586 	0.182248 	1.838432 	3.051417 	0.702866 	0.138099 	8.506454 	0.020000 	
0.207456 	0.698966 	1.406124 	0.353033 	1.268868 	5.539263 	0.157179 	0.002962 	4.334936 	0.020000 	
0.003387 	0.206117 	1.981872 	0.753869 	0.492403 	3.822816 	0.862559 	0.108875 	1.419790 	0.020000 	
0.321125 	0.406603 	1.217440 	0.340961 	0.606459 	3.890309 	0.527572 	0.133329 	4.010404 	0.020000 	
0.005214 	0.160876 	1.983771 	0.503261 	1.502310 	5.566162 	0.044032 	0.107353 	1.390140 	0.020000 	
0.199844 	0.509193 	1.597942 	0.330832 	1.907740 	3.712804 	0.709437 	0.182973 	7.808717 	0.020000 	
0.239653 	0.159180 	1.856973 	0.326325 	0.952473 	3.957045 	1.097300 	0.201200 	7.853002 	0.020000 	
0.101297 	0.271115 	1.323564 	0.585625 	1.325547 	5.235132 	0.174636 	0.220612 	1.552514 	0.020000 	
0.349736 	0.107972 	1.453255 	0.286747 	0.725213 	4.892293 	1.379490 	0.094989 	6.400997 	0.020000 	
0.239193 	0.390929 	1.854690 	0.105076 	3.014897 	5.014508 	1.072459 	0.103207 	4.718134 	0.000000 	
0.144242 	0.383758 	1.841856 	0.380616 	1.629563 	2.980635 	0.912149 	-0.014601 	2.955286 	0.000000 	
0.166953 	0.580335 	1.292726 	0.205968 	1.000737 	7.358244 	0.400046 	0.216413 	3.069029 	0.000000 	
0.004348 	0.518600 	0.924465 	0.175686 	0.881654 	3.440566 	0.802921 	0.101357 	1.410586 	0.374919 	
0.933279 	-0.295234 	1.039637 	-0.083691 	0.864636 	2.804125 	0.907459 	0.203652 	4.727729 	0.000000 	
0.365515 	-0.039593 	1.932750 	0.259216 	1.133000 	2.680912 	0.978225 	0.092745 	3.603442 	0.000000 	
0.181299 	0.373851 	1.491691 	0.613525 	0.942437 	4.051903 	0.114127 	0.185954 	2.113459 	0.235570 	
-0.058979 	-0.408980 	2.105110 	0.287150 	1.063368 	3.635544 	0.595150 	-0.001874 	2.061834 	0.000000 	
0.154722 	0.149709 	1.965721 	0.049476 	-0.004118 	2.331813 	0.876957 	0.084551 	1.180933 	0.000000 	
0.229080 	0.113002 	2.417162 	0.049867 	1.271760 	3.331948 	0.690532 	0.160955 	1.229685 	0.000000 	
0.179363 	0.379261 	1.192629 	0.197461 	0.501801 	6.374473 	-0.311764 	-0.050876 	0.974283 	0.000000 	
0.495975 	0.657781 	1.633647 	0.006746 	0.399372 	4.857620 	-0.008810 	0.270004 	1.195252 	0.000000 	
-0.123847 	-0.584130 	1.270239 	-0.279688 	0.132235 	3.359601 	0.272322 	0.151230 	1.815130 	0.000000 	
0.076692 	-0.225640 	0.517878 	0.221887 	1.575458 	4.780674 	-0.037774 	0.302409 	1.078815 	0.000000 	
-0.067429 	0.820709 	2.008887 	0.057491 	0.914766 	4.488412 	0.015296 	0.154021 	3.101122 	0.000000 	
0.556359 	-0.059697 	1.390701 	0.116391 	1.058484 	3.131100 	1.468039 	0.196404 	1.995239 	0.000000 	
0.032024 	0.261497 	2.004051 	0.382122 	1.391239 	6.031757 	0.908330 	0.069825 	1.041623 	0.000000 	
0.250711 	-0.543753 	2.418146 	-0.091735 	0.860482 	2.787690 	1.123435 	0.126181 	2.222780 	0.000000 	
-0.072701 	0.916039 	1.555178 	0.540766 	1.488800 	4.021406 	-0.243929 	-0.049579 	4.802562 	0.000000 	
0.756857 	-0.964489 	1.377237 	0.289864 	0.357236 	4.490518 	0.911348 	0.095730 	2.746340 	0.000000 	
0.101721 	0.611760 	1.676160 	0.166187 	2.038583 	7.719416 	0.560310 	0.225092 	2.617887 	0.000000 	
0.302789 	0.048145 	1.275607 	0.138703 	1.061496 	4.729785 	1.385494 	0.242942 	1.467773 	0.389510 	
0.057497 	-0.030483 	0.414238 	0.161609 	3.116617 	1.987655 	-0.146036 	0.154031 	1.099328 	0.000000 	
-0.049965 	-0.267612 	2.053047 	0.333092 	1.922493 	3.356580 	1.628093 	-0.026800 	2.205647 	0.000000 	
0.194647 	-0.052436 	1.437564 	0.164302 	3.061287 	2.085842 	1.450784 	0.228520 	1.399064 	0.000000 	
-0.100569 	-0.179372 	1.592595 	0.149247 	0.795230 	2.709650 	1.131147 	0.044757 	2.502154 	0.000000 	
0.195599 	-0.178376 	2.472288 	1.032405 	0.359898 	3.206289 	0.791450 	-0.002205 	1.352260 	0.000000 	
0.322171 	-0.109713 	1.862879 	0.204557 	0.417872 	4.239698 	1.322232 	0.330130 	1.372223 	0.000000 	
0.057210 	0.626802 	1.233233 	0.005665 	0.305802 	6.283959 	0.503290 	0.160466 	1.395982 	0.000000 	
-0.033561 	0.543402 	1.485592 	0.028406 	0.851942 	6.401993 	1.276866 	0.270184 	1.541512 	0.000000 	
0.054427 	-0.025546 	0.680148 	0.178194 	1.251251 	3.794912 	0.995212 	0.086265 	1.122657 	0.000000 	
0.218297 	0.482955 	2.024229 	0.488743 	0.481503 	2.445265 	0.119115 	0.101684 	2.188755 	0.000000 	
-0.200345 	0.501610 	1.396546 	0.013660 	0.837229 	3.928973 	0.608189 	0.000065 	2.781181 	0.000000 	
-0.082848 	0.702915 	2.268565 	0.065081 	0.385938 	3.957869 	0.966400 	-0.091481 	2.302307 	0.000000 	
0.300444 	0.308357 	0.906080 	-0.037155 	1.432010 	1.500129 	0.901639 	0.270313 	2.648317 	0.000000 	
0.334238 	-0.301690 	2.702576 	0.906578 	1.588702 	3.928994 	-0.097365 	0.214124 	3.820475 	0.000000 	
-0.079670 	0.434933 	1.724485 	0.989072 	1.406765 	2.451179 	0.486177 	0.181021 	4.325896 	0.000000 	
0.118544 	-0.158186 	1.185931 	0.233923 	1.230144 	4.678941 	-0.454485 	0.265002 	1.986153 	0.000000 	
0.131886 	-0.151689 	2.927661 	0.435842 	2.017751 	1.340372 	0.136033 	0.207021 	1.415528 	0.000000 	
0.122230 	0.319903 	1.315017 	0.884404 	1.297545 	4.916858 	-0.727531 	0.197152 	4.371961 	0.000000 	
0.173513 	0.598486 	2.201512 	0.065353 	1.959362 	6.722917 	0.290534 	0.115859 	1.688577 	0.000000 	
-0.078142 	0.052382 	2.385924 	-0.018033 	1.531596 	3.769206 	-0.633151 	0.055559 	1.403151 	0.000000 	
0.139988 	0.329994 	0.778488 	0.284326 	0.578002 	3.766107 	-0.568121 	0.102345 	1.063067 	0.000000 	
0.191090 	-0.457124 	0.643830 	0.854366 	0.890266 	3.179816 	0.414134 	-0.086583 	2.433221 	0.000000 	
0.386665 	-0.091193 	1.623191 	-0.048357 	1.571861 	4.668924 	-0.046364 	0.196835 	2.786385 	0.000000 	
0.010631 	0.373163 	0.894372 	0.332945 	1.641389 	4.523749 	-0.573953 	0.055481 	1.289351 	0.000000 	
0.009290 	0.921760 	1.970548 	0.567698 	1.319815 	3.763879 	-0.699287 	0.055907 	1.251316 	0.000000 	
0.035417 	0.262210 	1.769987 	0.375442 	0.317179 	4.855743 	-0.516650 	0.087282 	1.090231 	0.000000 	
0.067804 	-0.061670 	1.815971 	0.563220 	1.127647 	5.087438 	0.466289 	0.067048 	0.989498 	0.000000 	
-0.111903 	0.605518 	2.144787 	0.010864 	2.839746 	4.315344 	1.326023 	0.163561 	1.896318 	0.000000 	
-0.021631 	-0.420390 	0.971588 	-0.068307 	1.215019 	5.682888 	0.176923 	0.198994 	1.439338 	0.000000 	
-0.026577 	0.284360 	0.830373 	0.056705 	0.667019 	2.779439 	-1.364087 	0.008319 	1.731709 	0.000000 	
0.343810 	-0.283794 	0.940363 	0.024045 	0.933072 	4.760992 	1.497662 	0.097414 	1.219779 	0.000000 	
0.014944 	-0.019319 	1.099612 	0.609504 	0.908007 	5.349139 	1.061432 	0.161859 	1.298351 	0.000000 	
0.075349 	0.118984 	0.826124 	0.049879 	0.869979 	2.342453 	0.848910 	0.127727 	1.265257 	0.000000 	
-0.023392 	0.002542 	0.441824 	0.484488 	0.814102 	2.982110 	-0.446889 	0.006215 	1.926902 	0.000000 	
-0.094890 	0.047712 	0.510610 	0.328369 	0.929965 	5.112248 	0.809118 	0.243987 	2.666113 	0.000000 	
0.156091 	0.523486 	0.506389 	0.173617 	1.039068 	4.491174 	0.228131 	0.104989 	1.890126 	0.000000 	
0.641102 	-0.195512 	1.845059 	0.056261 	1.102914 	4.470781 	0.404643 	0.225578 	1.191689 	0.000000 	
-0.018161 	0.443036 	0.684463 	0.053470 	0.859773 	2.048254 	1.055106 	0.050919 	1.779372 	0.000000 	
0.140739 	0.134020 	1.494947 	-0.020953 	1.226957 	5.019991 	-0.131345 	0.286951 	1.616012 	0.000000 	
0.359279 	-0.619630 	1.899812 	0.418037 	1.020936 	3.894612 	0.457235 	0.137991 	1.820604 	0.000000 	
0.515856 	0.019413 	1.167282 	0.028953 	0.907392 	4.335336 	0.348959 	0.321884 	1.199903 	0.000000 	
0.055881 	0.286151 	1.211487 	0.111609 	0.694730 	3.760733 	1.188054 	0.070799 	1.139673 	0.138011 	
0.041055 	0.672142 	1.024276 	0.394431 	0.796608 	3.349574 	0.808043 	0.107341 	0.888613 	0.046553 	
0.010655 	0.298699 	1.252491 	-0.478642 	0.954150 	4.582712 	0.463178 	0.202419 	2.181371 	0.000000 	
-0.022485 	-0.432057 	1.406295 	0.192706 	1.065965 	5.156058 	0.922590 	0.047132 	1.595771 	0.000000 	
0.524507 	-0.270049 	1.318604 	0.292419 	1.077027 	3.434646 	0.274577 	0.257279 	1.708018 	0.000000 	
0.035486 	0.104313 	1.200702 	0.470347 	0.825297 	4.530479 	-0.915332 	0.156944 	1.130729 	0.000000 	
0.336167 	0.640171 	1.280022 	0.010341 	0.853224 	1.815388 	-0.808782 	0.219935 	1.137263 	0.000000 	
0.346778 	-0.333457 	1.653605 	0.013502 	1.311897 	4.224611 	0.858628 	0.259295 	1.393052 	0.000000 	
0.213016 	-0.271345 	2.018053 	0.317815 	0.884666 	4.429714 	1.511867 	0.218171 	2.306765 	0.000000 	
0.051390 	-0.422911 	1.573631 	0.950275 	1.074681 	2.834413 	-0.649112 	0.295950 	1.099140 	0.000000 	
0.192272 	0.180505 	1.303284 	-0.006978 	1.032084 	2.678981 	0.671716 	0.087423 	1.589095 	0.000000 	
0.023925 	0.755996 	1.788945 	0.048386 	1.051486 	3.665605 	-0.204712 	0.035842 	1.201424 	0.000000 	
0.279565 	-0.023512 	1.510998 	0.328785 	1.172617 	4.750541 	1.221508 	0.193391 	2.706594 	0.000000 	
0.214630 	-0.773449 	1.102716 	-0.204354 	0.977554 	3.943723 	0.796062 	0.324790 	1.970882 	0.000000 	
-0.047556 	0.335512 	1.329582 	0.455709 	0.996569 	2.400750 	-0.029566 	-0.051054 	2.625169 	0.000000 	
-0.003121 	-0.340968 	0.932281 	-0.578171 	1.204759 	3.600912 	0.862437 	0.268032 	1.434782 	0.000000 	
0.147283 	-0.000154 	0.986601 	0.122661 	0.899762 	3.661196 	1.000876 	0.204473 	1.132589 	0.000000 	
0.282030 	-0.342269 	1.643066 	-0.043257 	0.985724 	4.876041 	1.796897 	0.178170 	1.941744 	0.000000 	
0.275970 	-0.044447 	0.942283 	-0.022995 	0.752269 	3.575848 	0.902328 	0.102220 	1.912151 	0.000000 	
0.077475 	0.045598 	0.970886 	0.537903 	1.033110 	3.374012 	0.391190 	0.022709 	0.961992 	0.233461 	
0.087966 	0.434823 	1.079022 	0.004226 	0.876937 	4.452918 	1.631414 	0.158987 	1.433837 	0.000000 	
0.332106 	-0.247375 	1.230701 	0.151408 	0.963990 	4.881956 	1.389504 	0.223556 	1.041612 	0.000000 	
0.268564 	0.170437 	1.663245 	0.267392 	1.215167 	4.103229 	1.163230 	0.191417 	2.707089 	0.123999 	
0.053248 	0.783728 	1.187161 	0.230526 	1.056656 	5.234612 	0.375094 	0.138394 	0.878100 	0.299116 	
0.011536 	0.662673 	0.852084 	0.451267 	0.968285 	2.729656 	1.008344 	0.145272 	1.253862 	0.000000 	
0.006963 	0.507617 	1.414763 	0.507879 	1.031745 	3.620860 	-0.112523 	0.220698 	1.343926 	0.000000 	
-0.039821 	0.323767 	0.987104 	-0.058437 	1.024283 	3.129386 	0.907652 	0.249390 	1.323579 	0.000000 	
-0.031248 	1.079433 	1.784564 	0.107804 	0.891988 	3.720440 	-0.197763 	0.104618 	2.348103 	0.000000 	
0.146596 	0.202692 	1.225807 	0.268256 	0.980939 	4.357358 	1.048905 	0.132442 	2.228102 	0.047719 	
-0.043692 	0.479143 	1.219045 	0.360753 	0.664298 	4.576262 	0.494846 	-0.181593 	2.111222 	0.000000 	
0.023307 	0.429812 	1.358868 	0.417977 	0.934636 	5.114654 	-0.089347 	0.198540 	1.185509 	0.000000 	
0.408751 	-0.515010 	0.782227 	-0.074648 	1.015712 	5.207616 	0.987081 	0.139962 	2.542200 	0.000000 	
0.000877 	0.037466 	1.336577 	0.270350 	1.011487 	4.773888 	0.221873 	0.250368 	1.464812 	0.111141 	
-0.018146 	-0.201069 	2.051689 	0.490585 	0.858552 	4.457300 	0.290719 	0.232971 	1.599935 	0.000000 	
0.018027 	0.701098 	1.274117 	0.337299 	0.913782 	2.720929 	0.287707 	-0.055889 	1.164572 	0.000000 	
-0.020156 	-0.256751 	1.079372 	-0.309073 	0.952840 	4.348269 	-0.394532 	0.094316 	1.209044 	0.000000 	
-0.284353 	0.318150 	0.449070 	-0.005345 	0.742648 	3.944683 	1.751774 	0.099471 	1.305711 	0.000000 	
0.036419 	0.357685 	1.195742 	0.367414 	0.960770 	3.519504 	0.389543 	0.066086 	1.031432 	0.142303 	
0.007927 	0.538607 	1.106790 	0.185662 	0.566193 	6.392295 	0.847641 	0.126926 	1.389021 	0.000000 	
0.158758 	-1.164391 	1.369128 	0.347727 	0.754399 	2.460175 	1.252042 	-0.084282 	1.028420 	0.000000 	
-0.004678 	-0.026049 	1.183670 	-0.087141 	0.408172 	2.849170 	2.402092 	0.158798 	1.459021 	0.000000 	
-0.019191 	0.515955 	1.858343 	-0.031685 	0.903529 	6.502832 	-0.243230 	0.152208 	1.377344 	0.000000 	
0.046041 	0.670416 	1.238354 	0.085415 	0.539120 	4.953947 	1.229662 	-0.042017 	1.056748 	0.000000 	
0.340132 	-0.545231 	1.576987 	0.115906 	0.976848 	2.263862 	1.806375 	0.202870 	1.015902 	0.000000 	
0.013159 	0.641603 	0.608887 	0.311384 	1.092932 	6.453428 	0.152113 	0.090979 	1.230707 	0.000000 	
0.379113 	-0.940640 	2.284927 	0.000454 	1.432845 	4.914005 	1.050673 	0.238305 	1.470563 	0.000000 	
0.000252 	0.332091 	0.635249 	0.165687 	1.336834 	6.038661 	0.302347 	0.043826 	1.468312 	0.000000 	
-0.032012 	-0.136697 	1.348778 	0.074830 	1.006005 	3.449851 	-0.217244 	0.216235 	1.527476 	0.000000 	
0.175152 	-0.615627 	0.940291 	0.265770 	1.721959 	1.957263 	0.115419 	0.170140 	1.416840 	0.000000 	
0.012406 	0.510269 	0.748025 	0.250186 	1.225885 	7.607724 	0.239169 	0.050258 	1.283427 	0.000000 	
0.181650 	-0.125332 	0.674738 	-0.008552 	0.569233 	4.238985 	1.370503 	0.196751 	1.527427 	0.000000 	
0.057931 	0.292200 	0.690598 	0.553097 	1.132300 	4.684987 	0.462743 	-0.014039 	0.871158 	0.000000 	
0.049711 	0.177545 	0.911788 	0.382911 	0.493614 	1.567486 	0.586381 	-0.029558 	0.972168 	0.000000 	
0.024643 	-0.196040 	1.321712 	0.516515 	0.763672 	4.462179 	0.794400 	0.118309 	1.201023 	0.000000 	
0.038650 	0.762435 	0.891266 	0.020446 	0.995569 	3.947464 	0.686241 	0.091217 	1.231380 	0.000000 	
0.216972 	-0.547657 	0.867455 	0.296550 	1.655861 	4.382446 	0.312075 	0.284831 	1.297795 	0.000000 	
0.125439 	0.000715 	1.351224 	0.405367 	0.813676 	3.000077 	0.711183 	-0.098084 	1.033311 	0.000000 	
0.016552 	0.002027 	2.019534 	-0.010919 	1.111265 	1.766045 	1.675446 	0.165446 	1.480083 	0.000000 	
0.190842 	-0.445032 	0.663815 	0.291648 	0.946551 	3.186723 	0.412158 	0.022298 	1.740197 	0.000000 	
0.296824 	-0.014533 	1.801641 	-0.004669 	1.458579 	3.040407 	1.211877 	0.294646 	1.506545 	0.000000 	
-0.031383 	0.899773 	1.662328 	0.036109 	1.134405 	4.399944 	0.205097 	0.303022 	1.803143 	0.000000 	
0.096747 	0.036238 	1.067043 	0.089482 	0.753008 	3.572675 	1.296094 	0.077594 	1.109414 	0.000000 	
-0.029849 	-0.551627 	0.964613 	0.781539 	0.571156 	2.589643 	-0.011264 	0.205978 	1.823050 	0.000000 	
0.051315 	-0.078721 	1.212639 	0.032000 	0.561392 	5.052356 	1.183761 	0.022804 	1.387005 	0.000000 	
-0.071052 	-0.136053 	1.163206 	-0.076902 	0.127479 	3.199577 	0.613881 	0.213868 	1.333826 	0.000000 	
0.056307 	-0.169023 	0.597805 	0.581781 	0.996931 	2.516814 	0.856276 	-0.017612 	0.956093 	0.000000 	
-0.018393 	0.630099 	1.361676 	0.203728 	1.017649 	5.668293 	-0.815304 	0.177470 	1.845289 	0.000000 	
-0.020835 	0.456913 	1.208364 	0.196881 	0.892661 	2.987918 	0.741017 	0.156426 	1.850663 	0.000000 	
0.169847 	-0.202055 	0.922106 	0.160701 	0.608170 	4.454155 	1.045934 	0.161105 	1.159365 	0.000000 	
0.144813 	-0.691606 	0.573330 	0.450296 	0.904824 	1.921039 	1.467837 	0.068099 	1.260954 	0.000000 	
0.133288 	0.641253 	0.919138 	0.070994 	0.789844 	5.690992 	1.060152 	0.073436 	1.285295 	0.000000 	
0.021302 	0.590911 	0.878364 	0.115897 	1.097046 	3.154373 	1.004690 	0.154492 	1.245979 	0.590109 	
0.083896 	-0.314792 	0.397099 	0.426749 	1.126028 	5.089597 	-0.464671 	0.072647 	0.998112 	0.000000 	
0.084881 	0.054764 	0.665200 	0.370515 	1.101884 	2.045484 	0.628188 	0.018003 	1.056817 	0.000000 	
0.097272 	-0.725216 	1.069646 	0.689844 	1.310589 	1.404073 	0.900511 	0.118742 	0.980188 	0.000000 	
0.163739 	0.605132 	1.116717 	0.050358 	0.851329 	6.446237 	0.124655 	-0.003043 	1.453216 	0.000000 	
-0.179621 	0.025010 	1.629369 	-0.089627 	1.148380 	4.018114 	0.631344 	-0.039458 	1.145508 	0.000000 	
0.256161 	-0.366631 	0.814688 	0.379023 	0.656646 	4.076470 	1.232733 	0.027193 	1.910707 	0.000000 	
0.086778 	-0.210073 	1.520378 	0.279001 	1.185297 	5.221759 	-0.271249 	0.162761 	1.143801 	0.000000 	
0.075545 	0.321741 	1.267107 	0.191015 	1.036056 	3.105434 	0.341674 	0.161066 	1.070968 	0.267588 	
0.074325 	-0.038658 	0.989185 	0.235284 	0.610574 	2.343697 	0.243900 	0.045623 	1.012764 	0.000000 	
0.119200 	-0.329459 	1.372070 	0.134240 	1.335568 	4.418532 	0.520638 	0.288487 	1.229980 	0.000000 	
0.106401 	1.221643 	1.775336 	0.059927 	1.161276 	4.249559 	0.593507 	-0.000366 	1.009162 	0.000000 	
0.202168 	-0.550493 	1.076171 	0.492534 	0.932199 	2.665707 	0.480324 	0.202119 	1.110229 	0.000000 	
0.074129 	0.999862 	1.330504 	0.048064 	0.760026 	4.448722 	-0.276127 	0.228881 	1.219458 	0.000000 	
0.503314 	0.076802 	1.807087 	0.037837 	1.063136 	2.757641 	1.161987 	0.180946 	1.141082 	0.000000 	
0.089626 	0.113000 	0.953417 	0.586451 	1.059138 	2.995435 	-0.123429 	0.099598 	1.025187 	0.000000 	
