param#0 	 param#1 	 param#2 	 param#3 	 param#4 	 param#5 	 param#6 	 param#7 	 dist 	  wgt 
0.085062 	0.069492 	1.168308 	0.178456 	0.518062 	3.492934 	0.188682 	0.154150 	3.137760 	0.020000 	
0.114923 	0.142740 	1.851082 	0.110574 	0.611391 	3.143346 	0.010198 	0.285261 	3.347174 	0.020000 	
0.028992 	0.301957 	0.887548 	0.261988 	1.511132 	3.975163 	0.162603 	0.104022 	3.873605 	0.020000 	
0.034783 	0.377680 	1.614786 	0.211827 	1.868526 	3.601029 	0.364764 	0.065998 	1.942713 	0.020000 	
0.110620 	0.236029 	1.496021 	0.409470 	1.191391 	3.991289 	0.119670 	0.180094 	3.757330 	0.020000 	
0.069064 	0.342933 	1.990361 	0.292582 	1.682469 	4.446901 	0.350208 	0.087133 	2.990839 	0.020000 	
0.051759 	0.069110 	1.387696 	0.133314 	1.460465 	4.334605 	0.085794 	0.080733 	5.759473 	0.020000 	
0.072326 	0.277056 	1.477189 	0.220490 	0.436663 	3.011200 	0.272192 	0.071039 	2.468480 	0.020000 	
0.181451 	0.402612 	1.926382 	0.156556 	0.937804 	4.339606 	0.002302 	0.144605 	3.150049 	0.020000 	
0.062455 	0.231265 	1.262628 	0.410710 	1.823996 	3.755079 	0.446342 	0.194762 	5.149314 	0.020000 	
0.508246 	0.456538 	1.585914 	0.155915 	0.157632 	3.030820 	0.014661 	0.196245 	7.187353 	0.020000 	
0.859645 	0.167350 	1.709792 	0.100070 	1.316419 	3.254192 	0.032905 	0.271244 	8.925441 	0.020000 	
0.087120 	0.398448 	1.649307 	0.307605 	1.767801 	4.172614 	0.712250 	0.140997 	7.341017 	0.020000 	
0.044440 	0.033749 	0.903811 	0.143997 	1.552220 	3.390035 	0.776157 	0.174552 	3.384712 	0.020000 	
0.028814 	0.374620 	1.260156 	0.183411 	1.851392 	4.611922 	0.480176 	0.111129 	2.970809 	0.020000 	
0.068303 	0.267324 	1.466804 	0.145001 	1.221420 	3.584973 	0.270738 	0.099474 	2.223033 	0.020000 	
0.011412 	0.095125 	1.488761 	0.131372 	1.731103 	3.468344 	0.807160 	0.210363 	4.437857 	0.020000 	
0.028842 	0.114211 	1.848125 	0.445701 	1.844062 	4.041721 	0.469559 	0.118681 	2.241992 	0.020000 	
0.028154 	0.356640 	0.829395 	0.360357 	1.689499 	3.776785 	0.005586 	0.055198 	2.578863 	0.020000 	
0.106249 	0.287222 	1.502640 	0.157230 	0.905837 	4.220687 	0.009174 	0.122305 	2.476521 	0.020000 	
0.017214 	0.549725 	1.170575 	0.166821 	1.590404 	4.932282 	0.060647 	0.186692 	3.385523 	0.020000 	
0.038564 	0.533580 	1.191894 	0.139933 	1.486444 	3.506764 	0.241700 	0.138734 	2.755208 	0.020000 	
0.080984 	0.154783 	1.353217 	0.122249 	0.973656 	4.113588 	0.147838 	0.205006 	3.192211 	0.020000 	
0.043229 	0.776450 	1.617573 	0.114302 	1.965002 	5.608374 	0.039967 	0.031174 	3.106075 	0.020000 	
0.120554 	0.181500 	1.204047 	0.248112 	1.298195 	3.703378 	0.587573 	0.127856 	6.261908 	0.020000 	
0.009304 	0.746250 	1.621230 	0.181996 	0.767135 	3.901680 	0.070204 	0.078036 	4.296462 	0.020000 	
0.027415 	0.018848 	1.780045 	0.297588 	1.131721 	3.005332 	0.029704 	0.074244 	2.283130 	0.020000 	
0.045762 	0.104905 	1.743886 	0.106273 	1.828474 	4.856485 	0.038533 	0.031334 	2.178305 	0.020000 	
0.004213 	0.102896 	1.217493 	0.108399 	0.276176 	3.153272 	0.052774 	0.218880 	4.864785 	0.020000 	
0.060784 	0.432939 	1.402649 	0.367182 	1.488051 	3.886469 	0.221004 	0.032999 	3.486844 	0.020000 	
0.042048 	0.388425 	1.348087 	0.193363 	1.977718 	3.662575 	0.994562 	0.055942 	2.281741 	0.020000 	
0.299885 	0.320896 	1.607190 	0.104873 	1.640405 	3.218049 	0.691998 	0.187578 	5.613950 	0.020000 	
0.031288 	0.475410 	1.392138 	0.164717 	1.912055 	4.534407 	0.009841 	0.126817 	2.167568 	0.020000 	
0.031305 	0.241649 	1.183219 	0.227284 	1.401482 	3.120545 	0.167704 	0.142421 	2.989955 	0.020000 	
0.037531 	0.306342 	0.904450 	0.299904 	0.970280 	3.403232 	0.043554 	0.076779 	2.719163 	0.020000 	
0.079795 	0.337091 	1.158963 	0.247921 	1.740560 	3.388642 	0.744195 	0.038265 	5.283979 	0.020000 	
0.009432 	0.447463 	1.961926 	0.165540 	1.488134 	3.537616 	0.388602 	0.202094 	4.343321 	0.020000 	
0.035076 	0.360956 	1.734787 	0.214813 	1.350941 	4.468761 	0.074019 	0.039637 	2.287203 	0.020000 	
0.097735 	0.506297 	1.418243 	0.148087 	1.225864 	4.089035 	0.097265 	0.203348 	6.378625 	0.020000 	
0.035079 	0.580589 	1.786255 	0.239664 	0.447817 	3.013119 	0.091530 	0.022006 	3.492471 	0.020000 	
0.013367 	0.150523 	1.521004 	0.125602 	1.789264 	4.039463 	0.813963 	0.040014 	3.420992 	0.020000 	
0.009298 	0.178646 	0.972864 	0.268867 	1.988484 	3.077843 	0.205898 	0.053233 	3.506625 	0.020000 	
0.455182 	0.240020 	1.660056 	0.115371 	1.101529 	3.794268 	0.005189 	0.261211 	5.620849 	0.020000 	
0.027595 	0.102544 	1.942352 	0.329133 	1.414046 	3.606495 	0.334877 	0.002810 	2.340303 	0.020000 	
0.042114 	0.219713 	1.947369 	0.438956 	1.816201 	3.755780 	0.217513 	0.034785 	1.888546 	0.020000 	
0.068464 	0.645980 	1.903545 	0.219587 	1.581717 	3.808859 	0.353873 	0.010426 	5.004723 	0.020000 	
0.124094 	0.333717 	0.935142 	0.131908 	1.579539 	3.530279 	0.684966 	0.148953 	6.333866 	0.020000 	
0.200760 	0.100239 	1.705057 	0.126631 	0.971422 	3.938782 	0.061196 	0.010011 	3.299751 	0.020000 	
0.008901 	0.290943 	1.821034 	0.122274 	1.300896 	3.243432 	0.837473 	0.216244 	4.608625 	0.020000 	
0.145221 	0.031527 	1.677686 	0.336334 	1.230258 	3.821462 	0.340881 	0.013628 	8.916414 	0.020000 	
0.164064 	0.048229 	0.922354 	0.173426 	1.299774 	2.682599 	0.977694 	0.143513 	2.989497 	0.000000 	
0.118579 	0.097732 	1.240303 	0.124346 	0.616613 	3.008537 	0.051376 	0.090411 	2.248071 	0.305161 	
0.037384 	0.115638 	1.367740 	0.224408 	1.193082 	4.698589 	-0.015721 	0.135386 	2.783222 	0.000000 	
0.652420 	0.020287 	2.123888 	0.022951 	1.790115 	2.974369 	-0.733897 	0.196614 	2.439505 	0.000000 	
0.183293 	0.485839 	1.948785 	0.038629 	1.442651 	3.805767 	0.627945 	0.180864 	3.901460 	0.000000 	
-0.081532 	0.212472 	0.754120 	-0.010088 	0.479223 	2.985777 	-0.070332 	0.273536 	4.644650 	0.000000 	
0.035251 	0.529354 	1.469752 	0.150397 	1.622926 	2.440565 	0.622687 	-0.099911 	2.155899 	0.000000 	
0.171123 	-0.120471 	1.578213 	0.053200 	1.067667 	4.013446 	0.989695 	0.215954 	3.492463 	0.000000 	
0.007812 	0.633923 	1.233149 	0.043970 	0.769596 	4.135954 	-0.237707 	0.183029 	4.700942 	0.000000 	
0.019388 	-0.140653 	1.535747 	0.309469 	2.337588 	3.966048 	0.415038 	0.121138 	3.781343 	0.000000 	
0.404459 	-0.195688 	1.905791 	0.103128 	1.883543 	2.859857 	-0.465937 	0.066779 	3.591869 	0.000000 	
0.088318 	0.444720 	1.837579 	0.149945 	1.067662 	2.948109 	0.163153 	0.126311 	2.930455 	0.000000 	
-0.260685 	0.459998 	1.969822 	-0.020197 	1.318478 	2.567782 	1.179153 	0.185833 	3.198796 	0.000000 	
0.101674 	0.185307 	2.658763 	0.264510 	2.537389 	5.168725 	0.566709 	0.214635 	3.482512 	0.000000 	
0.127295 	0.114873 	1.320079 	0.104201 	1.234092 	3.181031 	0.033964 	0.174430 	2.598495 	0.239497 	
0.168330 	-0.020268 	1.325097 	0.234903 	1.284335 	4.396820 	0.332579 	0.232187 	3.825334 	0.000000 	
0.009965 	0.142950 	1.061279 	-0.008002 	0.039014 	1.306228 	0.708668 	0.139091 	4.954115 	0.000000 	
0.162524 	-0.080237 	0.901985 	0.235859 	0.680989 	4.057492 	-0.201697 	0.084582 	2.122699 	0.000000 	
0.024485 	0.599649 	1.716951 	0.205824 	1.513483 	4.769116 	-0.336000 	-0.045248 	2.770490 	0.000000 	
0.028276 	0.159768 	1.746710 	0.315838 	2.013745 	4.695147 	-0.301452 	0.073121 	2.468505 	0.000000 	
0.090718 	0.384789 	2.057953 	0.279196 	0.257604 	3.958304 	-0.885040 	0.170548 	2.979121 	0.000000 	
0.143778 	0.304480 	2.164625 	0.326918 	0.848814 	3.568761 	0.315741 	0.091063 	4.355589 	0.000000 	
0.239799 	-0.319557 	1.561188 	0.087278 	1.893664 	5.780082 	-0.320035 	-0.003458 	1.556328 	0.000000 	
-0.054579 	0.412135 	0.998375 	-0.025030 	1.533334 	5.504917 	-0.145701 	0.177555 	4.079709 	0.000000 	
0.013756 	-0.111227 	2.284773 	0.251252 	1.748857 	4.848239 	0.400710 	-0.071381 	3.805178 	0.000000 	
0.112241 	0.318068 	1.191241 	0.023861 	1.167844 	3.869372 	0.407813 	-0.205414 	3.741471 	0.000000 	
0.147095 	0.230521 	1.731908 	0.070197 	1.105365 	4.363049 	0.001334 	0.215889 	3.188063 	0.000000 	
0.031723 	0.041704 	1.639923 	0.340501 	1.905029 	3.480007 	-0.622453 	0.226428 	3.190086 	0.000000 	
0.324774 	-0.043056 	0.746558 	0.118595 	1.652264 	3.151177 	0.420423 	0.183833 	4.668654 	0.000000 	
0.120898 	0.632584 	1.876297 	0.020098 	0.261838 	2.411499 	0.478030 	0.067563 	3.319465 	0.000000 	
0.003460 	0.384233 	0.860235 	0.291919 	1.356503 	2.528310 	0.605479 	0.044345 	4.545250 	0.000000 	
0.061526 	0.253796 	1.271464 	0.475953 	0.998532 	2.211003 	-0.036030 	0.063266 	2.803790 	0.000000 	
0.048647 	0.412232 	1.275343 	0.117136 	1.521878 	4.521053 	0.231723 	0.176020 	2.878360 	0.181113 	
0.092158 	-0.023733 	1.778047 	0.214913 	1.428357 	3.465352 	0.433683 	0.018123 	1.814714 	0.000000 	
0.010598 	0.051040 	1.359065 	0.134430 	2.880129 	4.978657 	0.154330 	0.096011 	3.711343 	0.000000 	
0.162005 	0.013482 	1.636684 	0.127062 	0.198880 	2.638400 	0.397040 	-0.036645 	1.867171 	0.000000 	
0.071134 	0.340448 	2.253828 	0.349417 	1.443101 	2.981230 	0.331760 	-0.035077 	3.856766 	0.000000 	
0.052951 	0.394547 	1.462287 	0.079097 	1.119538 	4.468790 	-0.495164 	-0.047846 	1.532860 	0.000000 	
0.106845 	0.456397 	2.278456 	0.020904 	2.064297 	3.446257 	0.211138 	0.274925 	3.919381 	0.000000 	
0.028750 	0.505990 	1.026235 	0.047400 	2.041694 	5.254691 	-0.115907 	0.107164 	2.695224 	0.000000 	
0.057620 	0.106174 	1.877135 	0.072098 	2.454550 	5.662758 	-0.249724 	-0.081728 	2.332782 	0.000000 	
0.015744 	0.501732 	1.429177 	0.240580 	1.394747 	3.307981 	-0.473078 	0.066070 	3.396270 	0.000000 	
0.026121 	0.490007 	1.764905 	0.220263 	1.301388 	2.110980 	1.146376 	0.064255 	2.171549 	0.000000 	
0.160105 	0.059487 	1.060416 	0.112235 	1.426062 	3.930362 	0.527687 	0.057818 	3.514416 	0.274229 	
0.088113 	0.299913 	0.891728 	0.147108 	1.002514 	2.376881 	0.279612 	0.095016 	2.591813 	0.000000 	
0.020305 	-0.052867 	1.561647 	0.407294 	1.735422 	2.789348 	0.164682 	0.201355 	3.483355 	0.000000 	
0.143016 	-0.104407 	0.644383 	0.025330 	1.489606 	2.760959 	0.724334 	0.105173 	3.374863 	0.000000 	
0.127212 	0.336471 	1.893094 	0.021138 	0.357937 	3.039238 	0.454299 	0.094235 	4.223879 	0.000000 	
0.013396 	-0.038048 	1.351801 	0.142581 	0.927661 	2.300348 	0.612521 	0.021084 	4.209303 	0.000000 	
0.051000 	-0.584708 	1.065613 	0.308274 	2.321711 	3.565608 	0.872216 	0.036232 	1.721734 	0.000000 	
0.055735 	0.316800 	1.314441 	0.100912 	1.810987 	3.982710 	-0.188493 	0.174325 	2.525374 	0.000000 	
0.093432 	-0.165244 	1.207904 	0.121742 	1.434776 	4.229860 	-0.365661 	0.030487 	1.587433 	0.000000 	
0.063377 	0.189298 	1.097857 	0.087477 	1.887344 	3.993700 	-0.057739 	0.159402 	2.628064 	0.000000 	
0.070098 	0.040685 	0.851087 	0.118818 	0.574438 	2.703927 	0.185000 	0.051034 	2.730301 	0.000000 	
0.104288 	-0.000986 	1.218245 	0.104982 	2.855925 	3.679564 	0.704206 	-0.032549 	2.595860 	0.000000 	
0.122161 	0.236073 	0.840272 	0.095663 	1.297766 	2.609955 	0.273409 	0.093807 	3.726823 	0.000000 	
0.055946 	0.400294 	1.109135 	0.104325 	0.714090 	2.015841 	-0.441646 	0.183474 	3.013688 	0.000000 	
0.151187 	-0.121505 	1.134881 	0.115747 	1.358474 	1.243233 	-0.659732 	-0.003133 	2.001636 	0.000000 	
0.108642 	0.158788 	1.233295 	0.112742 	1.213369 	2.374234 	0.290943 	0.092569 	1.706962 	0.000000 	
0.040537 	-0.016166 	1.492474 	0.106422 	2.346470 	1.590021 	-0.458965 	0.252557 	3.582720 	0.000000 	
0.087022 	-0.015073 	1.306381 	0.116229 	1.015157 	4.878954 	-0.049357 	0.245551 	3.738582 	0.000000 	
0.155232 	0.059668 	1.325556 	0.085733 	0.582040 	4.058975 	-0.165833 	0.182571 	2.602591 	0.000000 	
0.031400 	0.092102 	1.233761 	0.102350 	1.234231 	3.267920 	0.395550 	0.144986 	3.492478 	0.057002 	
0.199868 	-0.020859 	1.499105 	0.101387 	1.511808 	3.723061 	0.075055 	0.139542 	1.964658 	0.000000 	
0.110057 	-0.073418 	1.133282 	0.111970 	2.344331 	3.417945 	0.629156 	0.118049 	2.598060 	0.000000 	
0.105727 	0.177448 	1.332473 	0.102922 	0.868562 	2.898113 	-0.101957 	0.203790 	2.975279 	0.000000 	
0.037188 	0.154047 	1.278856 	0.119889 	1.984685 	4.608240 	-0.503906 	0.226120 	3.165347 	0.000000 	
0.129091 	0.331497 	1.455124 	0.103123 	1.714906 	3.103823 	-0.386798 	0.072893 	3.049173 	0.000000 	
0.129429 	-0.271394 	1.017803 	0.126513 	0.499484 	2.212055 	0.126471 	0.025041 	1.961587 	0.000000 	
0.150309 	-0.234863 	1.108939 	0.116971 	0.926996 	2.924540 	0.554753 	0.064022 	1.641927 	0.000000 	
0.065619 	0.121399 	1.430332 	0.106768 	0.564967 	2.722955 	0.345900 	0.199654 	3.733089 	0.000000 	
0.123267 	0.310010 	1.133840 	0.131836 	0.522237 	3.385901 	0.223252 	0.009888 	1.495092 	0.043187 	
0.172483 	0.000995 	0.996483 	0.114593 	1.757730 	3.807651 	0.286764 	0.108237 	2.882460 	0.020700 	
0.129666 	-0.228273 	1.338281 	0.110734 	1.481282 	3.584400 	0.191107 	0.206719 	3.048228 	0.000000 	
0.161490 	0.329645 	1.378322 	0.120491 	0.733899 	3.301838 	-0.153553 	0.170826 	3.467930 	0.000000 	
0.117138 	-0.009395 	1.315197 	0.098245 	1.254721 	1.393268 	0.326332 	0.315877 	3.578287 	0.000000 	
0.170599 	0.122094 	1.117500 	0.129696 	0.818961 	2.080995 	0.239702 	0.144436 	2.586354 	0.000000 	
0.167092 	-0.287410 	1.067781 	0.116136 	0.786799 	2.737990 	0.170023 	0.103270 	1.854812 	0.000000 	
0.138745 	0.316548 	1.448166 	0.111501 	0.758946 	3.045837 	-1.085920 	0.019581 	1.651168 	0.000000 	
0.082562 	-0.204453 	1.225716 	0.104924 	1.184501 	1.212174 	-0.532108 	0.113883 	3.415323 	0.000000 	
0.125853 	0.145593 	1.089838 	0.127659 	2.275198 	3.890764 	0.186377 	0.260156 	3.785162 	0.000000 	
0.044270 	0.114433 	1.390380 	0.118696 	1.394441 	2.571274 	-0.050673 	0.216054 	3.497447 	0.000000 	
0.123704 	-0.012982 	1.131267 	0.119645 	0.749577 	3.186223 	-0.175709 	0.017726 	1.443987 	0.000000 	
0.148170 	0.170195 	1.465728 	0.108095 	1.731706 	3.689986 	-0.287052 	0.150124 	2.034767 	0.000000 	
0.077139 	-0.077662 	1.148822 	0.110324 	2.398574 	3.197029 	0.487782 	0.070523 	2.431574 	0.000000 	
0.077650 	0.313130 	1.380584 	0.099487 	1.242002 	2.237942 	0.182596 	0.161681 	3.328076 	0.000000 	
0.112760 	0.194336 	1.151980 	0.118043 	0.584349 	1.088195 	0.293776 	-0.040115 	1.667899 	0.000000 	
0.149802 	0.116045 	1.200565 	0.119044 	0.887824 	2.065421 	0.692040 	0.073143 	1.767197 	0.000000 	
0.065911 	0.044333 	0.826938 	0.097350 	1.219209 	2.243120 	0.128083 	0.029618 	2.384824 	0.000000 	
0.084749 	0.039581 	1.180892 	0.108922 	0.712667 	1.932773 	0.477309 	0.128119 	2.921809 	0.000000 	
0.024221 	0.439820 	1.270828 	0.111664 	2.828808 	4.107865 	-0.148012 	0.249927 	3.519933 	0.000000 	
0.102562 	0.045288 	1.220587 	0.109058 	0.868776 	3.361755 	-0.210830 	0.243833 	3.452661 	0.000000 	
0.089276 	0.040092 	1.683182 	0.126619 	0.958480 	3.283821 	0.088520 	0.222452 	3.426250 	0.680778 	
0.162823 	0.175545 	1.287015 	0.121198 	0.627856 	3.822830 	-0.222670 	0.185534 	2.386527 	0.000000 	
0.139614 	0.049102 	0.935878 	0.116840 	0.725735 	3.426944 	-0.056860 	0.118390 	2.613387 	0.000000 	
0.050485 	-0.111234 	1.249750 	0.121825 	0.763418 	3.408389 	0.225596 	0.036150 	3.301347 	0.000000 	
0.141070 	0.235597 	1.586622 	0.128416 	0.755766 	2.324514 	0.168794 	-0.020496 	1.789299 	0.000000 	
0.147995 	0.118426 	1.230076 	0.126864 	0.431575 	0.975161 	0.394008 	0.137596 	2.479100 	0.000000 	
0.070503 	0.047103 	1.579679 	0.108266 	1.542771 	4.426603 	0.054912 	0.183208 	3.004224 	0.146246 	
0.190920 	0.066682 	1.272100 	0.116785 	0.404799 	3.808011 	0.093952 	0.205850 	2.953403 	0.052087 	
0.122657 	0.028369 	1.431053 	0.129420 	0.904384 	4.128713 	0.213228 	0.196223 	2.902366 	0.022176 	
0.084248 	-0.010511 	1.968513 	0.122032 	1.373058 	2.460771 	0.035286 	0.188011 	3.013575 	0.000000 	
0.125718 	0.052984 	1.655953 	0.089008 	1.242325 	2.917177 	0.301041 	0.100634 	2.847612 	0.000000 	
0.101232 	0.161268 	1.067928 	0.099017 	0.711676 	3.459448 	-0.014266 	0.188648 	2.869568 	0.000000 	
0.120741 	0.246364 	1.387081 	0.117316 	0.339486 	2.385783 	0.093605 	0.131678 	3.207830 	0.000000 	
0.124270 	0.190945 	1.985791 	0.134043 	1.110699 	3.348503 	-0.239246 	0.092436 	1.868353 	0.000000 	
0.074351 	-0.033946 	1.777877 	0.171119 	1.219204 	2.705866 	-0.008282 	0.222189 	2.830972 	0.000000 	
0.116475 	0.041452 	1.591985 	0.108004 	1.607761 	3.934098 	0.274216 	0.014444 	2.412755 	0.268609 	
0.090724 	0.189806 	1.192412 	0.124822 	1.160256 	3.609612 	-0.087046 	0.132110 	2.333919 	0.000000 	
0.165034 	-0.049219 	1.777132 	0.120458 	1.347620 	2.023250 	-0.174136 	0.196221 	2.397081 	0.000000 	
0.218112 	-0.023794 	1.649633 	0.120069 	0.721293 	1.212073 	0.273442 	0.197404 	3.385314 	0.000000 	
0.126936 	0.189042 	1.650421 	0.139073 	1.025124 	3.435690 	-0.314352 	0.143888 	2.308813 	0.000000 	
0.221235 	-0.100361 	1.745371 	0.121830 	0.885897 	2.623955 	0.168334 	0.266455 	3.109659 	0.000000 	
0.176666 	0.277986 	0.942444 	0.146135 	0.331210 	3.017035 	0.295442 	-0.147448 	3.102155 	0.000000 	
0.089732 	0.144900 	1.087308 	0.105828 	1.357739 	4.123234 	0.046319 	0.133093 	2.433801 	0.095966 	
0.158666 	0.111800 	1.889366 	0.117171 	1.679270 	3.091586 	-0.112722 	0.229083 	2.584572 	0.000000 	
0.117309 	-0.038868 	2.051862 	0.098951 	0.886367 	2.835331 	0.268137 	0.116994 	3.141712 	0.000000 	
0.077474 	0.087889 	1.105317 	0.120433 	1.239697 	3.282575 	0.386576 	0.035427 	1.858632 	0.255061 	
0.131534 	-0.082579 	1.374974 	0.137307 	1.918124 	2.827062 	0.121990 	0.123604 	1.953449 	0.000000 	
0.099483 	0.002862 	1.203439 	0.072802 	1.497411 	4.530583 	-0.226722 	0.125538 	3.238879 	0.000000 	
0.094473 	-0.115450 	1.638909 	0.103709 	1.668958 	3.072449 	0.142495 	0.155524 	2.910993 	0.000000 	
0.121319 	0.151656 	1.084629 	0.137734 	0.891260 	3.719165 	-0.114464 	0.129626 	2.473546 	0.000000 	
0.074320 	-0.014571 	2.446947 	0.147134 	0.998199 	2.862496 	0.334732 	0.186732 	3.227951 	0.000000 	
0.144306 	-0.002475 	2.207822 	0.106249 	0.671269 	3.846784 	0.089918 	0.082738 	2.972644 	0.000000 	
0.101240 	-0.164868 	1.499680 	0.131461 	0.862788 	2.415613 	0.098655 	0.194463 	2.853452 	0.000000 	
0.108137 	0.059944 	1.404300 	0.104786 	1.567137 	2.935274 	-0.152758 	0.074797 	1.680452 	0.000000 	
0.102671 	0.097724 	1.867003 	0.114064 	0.922740 	2.986659 	0.182941 	0.154315 	2.882731 	0.000000 	
0.113191 	0.139761 	1.366804 	0.111168 	0.697527 	3.197011 	-0.220001 	0.076296 	1.981597 	0.000000 	
0.135885 	-0.043140 	1.667194 	0.114825 	0.787896 	3.620151 	0.143365 	0.020423 	1.531207 	0.000000 	
0.074266 	0.082767 	1.695266 	0.122283 	2.560488 	4.272418 	0.079748 	0.067957 	1.708666 	0.000000 	
0.065411 	-0.017807 	1.200963 	0.146708 	1.031342 	2.905087 	0.313815 	0.076188 	2.407910 	0.000000 	
0.115730 	-0.043150 	1.931777 	0.142297 	1.273822 	4.271205 	-0.020618 	0.163473 	2.916472 	0.000000 	
0.072227 	0.088441 	1.642917 	0.130382 	1.272036 	3.703684 	0.243424 	0.136695 	3.192162 	0.023236 	
0.088386 	0.015718 	1.657355 	0.107736 	0.787074 	3.451775 	0.262340 	0.167877 	3.126361 	0.026599 	
0.050204 	-0.083923 	2.342892 	0.119331 	1.207332 	2.719524 	0.122901 	0.075963 	3.119344 	0.000000 	
0.117193 	0.134247 	1.790230 	0.100604 	1.080713 	3.230640 	0.181263 	0.048456 	1.692352 	0.185569 	
0.104356 	0.078397 	1.408279 	0.101817 	1.043951 	3.711645 	0.076973 	0.197164 	3.025409 	0.025397 	
0.190665 	-0.144462 	1.692276 	0.123993 	0.892182 	2.853559 	0.327789 	0.157283 	2.512027 	0.000000 	
0.143690 	0.156610 	1.921115 	0.130836 	0.423930 	1.871797 	-0.269055 	0.148032 	2.176147 	0.000000 	
0.159467 	0.077129 	1.406967 	0.120132 	1.161011 	3.860564 	0.129859 	0.199120 	3.227210 	0.023373 	
0.097225 	-0.091503 	1.899775 	0.155918 	1.397750 	1.493905 	0.049060 	0.140587 	2.670102 	0.000000 	
0.145756 	0.107009 	2.014663 	0.145828 	0.523699 	3.730442 	0.029519 	0.076631 	1.810058 	0.000000 	
0.131755 	0.133632 	1.864537 	0.123099 	1.984320 	3.939284 	0.010169 	0.217281 	2.003048 	0.074015 	
0.044755 	0.219246 	0.780910 	0.123865 	2.528100 	2.583322 	0.418477 	0.225410 	3.200268 	0.000000 	
0.082217 	-0.038011 	0.890239 	0.110622 	1.820488 	2.588242 	0.375731 	0.108554 	2.373413 	0.000000 	
0.148900 	-0.012468 	0.947072 	0.117927 	1.281831 	3.380255 	-0.006541 	0.135635 	2.057849 	0.000000 	
0.211578 	0.177398 	1.785036 	0.094881 	1.233511 	3.724042 	-0.031121 	0.189340 	2.319153 	0.000000 	
0.152012 	-0.075943 	1.430490 	0.110951 	4.046013 	3.367326 	0.201079 	0.120427 	2.120623 	0.000000 	
0.087808 	0.190886 	2.305456 	0.141702 	0.642082 	3.673665 	0.189992 	0.136732 	3.312338 	0.000000 	
0.099696 	-0.077423 	1.675847 	0.122853 	1.114018 	3.354919 	0.246764 	0.166067 	3.079774 	0.000000 	
0.070056 	0.064774 	1.217749 	0.107694 	1.487231 	3.792090 	0.338363 	0.139066 	2.557791 	0.031881 	
0.120593 	0.019039 	1.092935 	0.121489 	1.022552 	3.592988 	0.210855 	0.016800 	1.347782 	0.047183 	
0.126569 	0.142693 	1.284120 	0.115932 	0.607981 	2.307931 	0.007620 	-0.006056 	1.392953 	0.000000 	
0.078889 	0.096973 	0.840856 	0.117701 	1.553435 	3.252155 	0.229869 	-0.071987 	1.684537 	0.000000 	
0.069308 	0.091587 	1.583844 	0.102871 	0.847642 	2.689120 	-0.028233 	0.019673 	2.026052 	0.000000 	
0.097047 	0.113230 	1.517724 	0.103333 	2.368720 	3.917149 	0.278508 	0.089173 	1.958945 	0.000000 	
0.153110 	-0.033643 	1.195926 	0.113854 	1.925945 	4.077920 	0.350374 	0.040683 	2.150297 	0.000000 	
0.124202 	0.200386 	2.168179 	0.137370 	2.036400 	4.092353 	-0.177808 	0.161452 	2.312457 	0.000000 	
0.075744 	0.121989 	0.741040 	0.098353 	2.256470 	3.729780 	0.037733 	0.158143 	2.544367 	0.000000 	
0.074168 	0.048398 	1.052103 	0.116266 	1.403647 	3.652585 	0.074186 	-0.029678 	1.696171 	0.000000 	
0.102072 	0.079421 	2.255804 	0.148734 	1.388643 	2.950349 	0.182920 	-0.019161 	1.781851 	0.000000 	
0.129539 	0.149362 	1.165103 	0.073868 	1.388809 	3.203320 	0.176104 	0.149792 	2.890934 	0.000000 	
0.114836 	0.039531 	1.877876 	0.096767 	1.407934 	3.687387 	0.387681 	0.063202 	1.886376 	0.000000 	
0.085701 	0.195586 	1.762352 	0.101824 	1.211501 	2.661638 	0.223839 	-0.019030 	1.525058 	0.000000 	
0.114434 	0.091246 	1.554010 	0.119122 	1.184515 	3.022599 	0.190753 	-0.082893 	1.745555 	0.000000 	
0.090062 	0.091372 	0.725575 	0.093098 	1.004333 	2.246218 	0.038834 	0.064104 	2.187990 	0.000000 	
0.071675 	0.030379 	1.487374 	0.135693 	1.246227 	4.183762 	0.347687 	-0.061004 	1.772784 	0.000000 	
0.082835 	0.034041 	1.401958 	0.101152 	1.436731 	4.009595 	0.310261 	0.004202 	1.541520 	0.022268 	
0.111974 	0.030499 	1.587555 	0.118036 	2.053278 	3.303030 	0.291148 	0.008561 	2.007925 	0.000000 	
0.145404 	0.078850 	1.913819 	0.094634 	0.808633 	3.017542 	0.311712 	0.079346 	1.747780 	0.000000 	
0.114854 	0.025029 	1.919031 	0.102762 	1.551952 	4.348502 	-0.096268 	0.129839 	2.959261 	0.000000 	
0.156053 	0.103115 	1.578144 	0.102490 	0.785304 	3.277200 	0.171685 	0.053809 	1.723519 	0.046540 	
0.142073 	0.064072 	1.385951 	0.100860 	1.516695 	2.671163 	0.268414 	0.011649 	2.461797 	0.000000 	
0.093053 	0.095860 	1.453462 	0.135277 	1.633201 	2.935733 	0.491621 	0.119744 	1.953039 	0.000000 	
0.118244 	0.149816 	1.285525 	0.105835 	1.631348 	4.751615 	0.374463 	0.035507 	1.930215 	0.159539 	
0.164243 	0.096032 	2.192190 	0.134061 	0.711358 	3.459806 	0.155343 	-0.130752 	2.507424 	0.000000 	
0.085114 	0.088152 	1.435896 	0.092729 	1.514256 	3.896631 	-0.087735 	0.014317 	1.496887 	0.000000 	
0.088467 	0.106930 	1.642114 	0.105802 	1.763261 	3.240617 	0.129320 	-0.060056 	2.906661 	0.000000 	
0.042405 	0.125324 	0.886868 	0.117916 	1.713662 	3.789458 	0.411717 	0.067471 	2.174899 	0.077021 	
0.097716 	0.099550 	1.944471 	0.095516 	1.086104 	3.807455 	0.234110 	0.059001 	2.022666 	0.000000 	
0.082851 	0.146595 	1.835727 	0.102136 	1.158824 	2.937632 	0.421165 	0.030788 	2.154615 	0.000000 	
0.104713 	0.131914 	1.390179 	0.118568 	1.536033 	2.627016 	0.395882 	0.198381 	2.246207 	0.000000 	
0.178576 	0.063731 	2.152756 	0.101983 	1.441514 	3.447322 	-0.224048 	0.154368 	2.313026 	0.000000 	
0.065162 	0.021144 	0.989768 	0.128254 	1.209662 	3.511188 	0.327651 	0.040332 	1.816405 	0.029384 	
0.116436 	0.190611 	2.420531 	0.101727 	1.918007 	4.073378 	0.169792 	0.019722 	2.111331 	0.000000 	
0.088839 	-0.003489 	1.355572 	0.102694 	1.111909 	3.887860 	0.200775 	-0.028889 	1.939384 	0.000000 	
0.130738 	0.131615 	2.487629 	0.116131 	1.763675 	3.949888 	0.409995 	0.057703 	1.423546 	0.000000 	
0.033327 	-0.002387 	0.539478 	0.121350 	1.423371 	3.346149 	0.268910 	-0.016051 	2.530945 	0.000000 	
0.140189 	0.118700 	2.331146 	0.099810 	1.047751 	2.127394 	-0.598881 	0.082685 	2.607727 	0.000000 	
0.102433 	-0.046773 	2.114626 	0.095487 	1.909107 	2.713334 	-0.216345 	-0.066738 	2.038625 	0.000000 	
0.130155 	-0.073264 	0.594318 	0.097152 	1.545993 	4.183484 	0.248492 	0.043934 	2.726255 	0.000000 	
0.081836 	0.056711 	1.834022 	0.120542 	1.731387 	4.178582 	0.146322 	-0.014808 	1.526607 	0.000000 	
0.154187 	0.068677 	1.320989 	0.092690 	1.113148 	3.467369 	0.144358 	0.207754 	2.751412 	0.000000 	
0.103627 	0.208144 	1.886044 	0.115472 	2.193236 	3.591610 	-0.022950 	0.173724 	1.952056 	0.000000 	
0.081217 	0.024576 	1.238128 	0.109324 	1.203533 	3.012561 	0.212525 	-0.087006 	2.281603 	0.000000 	
0.159746 	0.044368 	1.861575 	0.118761 	1.210739 	4.011396 	0.103231 	-0.156554 	2.334938 	0.000000 	
0.050256 	0.159938 	0.835308 	0.120577 	2.175547 	4.626241 	0.326003 	0.036620 	1.591201 	0.000000 	
0.165895 	0.133602 	1.827502 	0.102524 	1.229515 	4.290090 	0.457120 	0.068140 	1.858002 	0.267689 	
0.148719 	0.160863 	1.787265 	0.122635 	0.519788 	3.689302 	0.110093 	0.002790 	1.412216 	0.318495 	
0.089586 	0.073911 	1.328116 	0.115841 	0.417702 	3.145354 	0.280780 	-0.013391 	2.418422 	0.000000 	
0.124708 	0.132370 	1.648021 	0.097896 	0.902604 	3.707564 	0.324965 	0.025018 	1.544661 	0.000000 	
0.131359 	0.020388 	2.779671 	0.093376 	1.678185 	3.940076 	0.302814 	0.039976 	1.612667 	0.000000 	
0.103666 	0.136921 	1.295717 	0.094675 	1.528356 	3.798215 	0.317443 	0.068853 	2.091050 	0.000000 	
0.167049 	0.191730 	2.574968 	0.108974 	0.746717 	3.190358 	0.463713 	-0.009897 	1.454286 	0.000000 	
0.107466 	0.025791 	1.934463 	0.128404 	1.803277 	4.566983 	0.027640 	0.039961 	1.963060 	0.506167 	
0.131330 	0.059591 	1.897838 	0.130222 	1.386183 	4.437824 	0.207099 	-0.006748 	1.924773 	0.000000 	
0.162339 	0.208885 	1.232261 	0.080912 	1.412982 	4.539019 	0.302290 	0.095775 	1.845819 	0.000000 	
0.181583 	0.195269 	1.641587 	0.087256 	0.469185 	3.829720 	0.052657 	0.028595 	1.497394 	0.000000 	
0.168736 	0.056521 	1.752964 	0.106974 	2.295659 	3.762998 	0.355515 	0.087376 	2.116838 	0.000000 	
0.082308 	0.109651 	1.277507 	0.114450 	2.186522 	4.456239 	0.480155 	-0.001624 	1.861087 	0.000000 	
0.139310 	0.133498 	1.879877 	0.143457 	1.034275 	2.741433 	0.397919 	-0.053295 	1.587046 	0.000000 	
0.121458 	0.205830 	2.282222 	0.106424 	1.092536 	4.465884 	0.017583 	-0.003302 	1.497157 	0.000000 	
0.053584 	0.019230 	1.389570 	0.111476 	2.447723 	3.154461 	0.556349 	-0.108152 	2.280712 	0.000000 	
0.144334 	0.110045 	0.851470 	0.092410 	1.026124 	3.035227 	0.532610 	0.002423 	2.098681 	0.000000 	
0.062424 	0.076130 	0.380460 	0.130511 	1.580451 	3.292460 	0.288720 	0.080188 	2.298791 	0.000000 	
0.140888 	0.135054 	2.247343 	0.142116 	1.010295 	3.066404 	0.125120 	-0.029561 	1.460541 	0.000000 	
0.113580 	-0.003428 	1.444180 	0.115930 	1.702776 	3.907443 	0.234401 	0.091683 	1.925367 	0.000000 	
0.115348 	0.159121 	1.146446 	0.112061 	0.637202 	2.406616 	0.242566 	0.012624 	1.476758 	0.000000 	
0.065426 	0.038697 	1.319245 	0.127657 	2.612765 	3.574976 	-0.181150 	-0.005721 	1.608386 	0.000000 	
0.175639 	0.051011 	2.115798 	0.105844 	1.612247 	3.260902 	0.070929 	-0.020718 	1.869235 	0.000000 	
0.105983 	0.176594 	1.320488 	0.145770 	0.736796 	3.330772 	0.137012 	0.025322 	1.516511 	0.087426 	
0.073713 	0.062398 	0.854463 	0.139444 	1.374407 	3.057525 	0.413724 	0.074377 	2.120479 	0.151166 	
0.134841 	0.045517 	1.944756 	0.103305 	1.713388 	3.268444 	0.203674 	0.008596 	2.258550 	0.121195 	
0.173107 	0.046023 	1.946578 	0.102810 	1.043179 	3.157828 	0.188411 	0.100633 	1.761680 	0.109939 	
0.062517 	0.079385 	1.664197 	0.099403 	1.175510 	4.510984 	0.216510 	-0.012442 	2.184431 	0.000000 	
0.077169 	0.003145 	1.438775 	0.147746 	2.529428 	3.044627 	0.139436 	0.073049 	1.672764 	0.000000 	
0.130941 	0.078993 	0.712986 	0.113270 	1.005639 	3.434623 	-0.335782 	0.046982 	1.696704 	0.000000 	
0.184982 	0.107029 	1.136935 	0.138454 	0.140364 	2.339349 	0.153113 	-0.009891 	1.869817 	0.000000 	
0.140641 	0.090185 	1.794975 	0.122222 	0.915001 	3.902647 	-0.040643 	0.029703 	1.632174 	0.000000 	
0.052507 	0.122891 	1.050567 	0.079640 	1.744202 	4.277312 	0.098231 	0.017257 	1.899969 	0.000000 	
0.176384 	0.127052 	1.619439 	0.123610 	0.363095 	2.641472 	0.005813 	-0.023856 	1.418604 	0.000000 	
0.075775 	0.024628 	0.778638 	0.123342 	1.286742 	3.022863 	-0.003603 	0.052970 	1.594131 	0.000000 	
0.118527 	0.136041 	1.381437 	0.100722 	0.880417 	3.727586 	0.385254 	-0.004021 	1.445766 	0.000000 	
0.153541 	0.073032 	1.785256 	0.112303 	1.508013 	4.303937 	0.295926 	0.031289 	2.102916 	0.024107 	
0.213809 	0.002729 	2.081815 	0.116443 	0.770791 	3.053882 	0.332687 	0.032273 	2.084719 	0.000000 	
0.080437 	0.035656 	0.529452 	0.113861 	1.600687 	3.663559 	0.457840 	0.006217 	1.754447 	0.000000 	
0.100738 	0.187945 	1.725601 	0.108166 	0.845705 	2.160940 	0.313281 	0.008499 	1.526866 	0.000000 	
0.074359 	0.147128 	1.829330 	0.100983 	0.617756 	1.789747 	0.856527 	0.020449 	2.289812 	0.000000 	
0.070495 	0.124917 	2.919700 	0.127147 	1.836383 	4.631559 	0.475082 	-0.029811 	1.566823 	0.000000 	
0.134116 	0.149100 	2.625621 	0.114522 	2.071134 	4.373778 	0.616133 	0.049948 	1.697349 	0.000000 	
0.042733 	0.178054 	1.262023 	0.085695 	1.888378 	4.110379 	0.388772 	0.032858 	1.880182 	0.000000 	
0.141245 	0.011055 	2.241689 	0.099977 	1.336898 	3.874740 	0.297346 	0.078739 	1.845572 	0.000000 	
0.261351 	0.018088 	1.907753 	0.074083 	1.272052 	3.827097 	0.277626 	-0.046362 	2.153447 	0.000000 	
0.083119 	0.252794 	2.205013 	0.119259 	1.320856 	3.440318 	-0.001325 	0.021294 	1.503951 	0.000000 	
0.147494 	0.028096 	2.230319 	0.115484 	2.105330 	3.061644 	0.585361 	0.091230 	2.031178 	0.000000 	
0.080498 	0.177921 	1.504535 	0.110542 	0.754091 	3.277408 	-0.021319 	-0.023259 	1.615218 	0.000000 	
0.055075 	0.095429 	1.976148 	0.109049 	1.633831 	3.741028 	0.526171 	-0.001077 	2.008177 	0.000000 	
0.099983 	0.066990 	2.112376 	0.073018 	1.808861 	4.297288 	0.685060 	0.033659 	1.738362 	0.000000 	
0.127498 	0.084683 	0.865926 	0.123487 	0.985039 	2.506431 	0.253100 	-0.001814 	2.069653 	0.000000 	
0.064943 	0.234297 	1.064911 	0.100264 	1.575510 	4.754492 	0.094494 	-0.006397 	1.445435 	0.000000 	
0.088602 	0.096715 	3.253502 	0.171420 	2.141116 	5.723388 	-0.005455 	-0.004639 	1.729014 	0.000000 	
0.078673 	0.013309 	1.964624 	0.132196 	2.257458 	0.403163 	0.368961 	0.070350 	2.048869 	0.000000 	
0.109004 	0.001352 	2.914418 	0.122630 	2.085552 	6.082550 	-0.186730 	-0.051260 	1.706219 	0.000000 	
0.117559 	0.112439 	1.638227 	0.124675 	0.883693 	3.366578 	0.487915 	0.050536 	1.697591 	0.108148 	
0.105677 	0.106092 	1.260349 	0.180585 	0.879147 	3.281968 	0.390660 	0.053252 	1.839290 	0.254556 	
0.119302 	0.259128 	1.653754 	0.138889 	0.566690 	3.240507 	0.361966 	0.050018 	1.563617 	0.261686 	
0.158410 	-0.108303 	1.843426 	0.109337 	2.405340 	4.431363 	0.205183 	0.044800 	1.925327 	0.000000 	
0.168047 	-0.096810 	2.446037 	0.108575 	1.910135 	4.438547 	-0.148879 	0.061010 	1.660587 	0.000000 	
0.113440 	0.051907 	2.712842 	0.104807 	2.059982 	6.043359 	-0.085242 	-0.018969 	1.667665 	0.000000 	
0.127881 	0.032430 	2.696099 	0.117895 	1.729512 	2.999143 	0.319010 	0.013987 	1.621586 	0.000000 	
0.122769 	-0.081431 	3.212303 	0.176053 	2.028767 	4.693990 	-0.121400 	-0.002407 	1.760005 	0.000000 	
0.079588 	-0.098885 	1.760617 	0.136200 	3.219761 	3.994308 	0.170386 	0.044738 	1.698989 	0.000000 	
0.189487 	-0.102324 	1.812312 	0.092681 	2.199287 	4.079855 	0.146542 	0.111769 	1.881792 	0.000000 	
0.097090 	0.151214 	1.390289 	0.142785 	1.276930 	3.977941 	0.404231 	0.009684 	1.650704 	0.109905 	
0.074045 	0.025234 	1.053027 	0.128991 	1.812901 	4.968598 	-0.138997 	0.036115 	1.571117 	0.000000 	
0.146143 	-0.093319 	1.005269 	0.065918 	2.204082 	2.704433 	0.264640 	-0.011228 	1.590742 	0.000000 	
0.102682 	0.102029 	1.384312 	0.162794 	0.875485 	4.571809 	-0.130680 	0.028313 	1.598964 	0.000000 	
0.070867 	-0.101114 	1.694929 	0.163515 	1.404722 	1.798705 	-0.149463 	0.016134 	1.754147 	0.000000 	
0.098407 	-0.084317 	2.875814 	0.105300 	1.898269 	4.306726 	0.139502 	0.017539 	1.607407 	0.000000 	
0.087072 	-0.045654 	2.020885 	0.171648 	1.705834 	2.382323 	-0.232416 	0.015845 	1.447059 	0.000000 	
0.080835 	0.083761 	1.673422 	0.152705 	1.835381 	3.484121 	0.156707 	0.112780 	1.950645 	0.120001 	
0.090503 	0.081759 	2.179307 	0.106569 	0.907288 	2.329468 	0.146801 	0.018968 	2.007410 	0.000000 	
0.075695 	0.004746 	0.646085 	0.134892 	1.637662 	1.112964 	0.264835 	0.012937 	1.530124 	0.000000 	
0.105027 	-0.011928 	1.182506 	0.096783 	1.790125 	4.257308 	-0.010420 	0.011995 	1.386318 	0.000000 	
0.149957 	0.039513 	2.018366 	0.127868 	1.163899 	1.720762 	0.447476 	0.038542 	1.640764 	0.000000 	
0.106656 	-0.017861 	1.197398 	0.124294 	1.989103 	5.642581 	-0.098053 	0.079452 	1.586204 	0.000000 	
0.146204 	0.144723 	2.688174 	0.084688 	0.805907 	1.605041 	0.043564 	0.020351 	1.663914 	0.000000 	
0.147870 	-0.000220 	1.861583 	0.103502 	1.977764 	2.128066 	0.031897 	0.082295 	1.753642 	0.000000 	
0.119599 	-0.068818 	3.242379 	0.123600 	1.787827 	3.890394 	-0.422048 	0.025961 	1.542550 	0.000000 	
0.104182 	0.007742 	2.554672 	0.096922 	1.716368 	6.108295 	-0.493644 	0.021614 	1.732761 	0.000000 	
0.073730 	-0.083174 	2.039935 	0.139774 	1.786089 	4.966429 	0.260708 	-0.018420 	1.833338 	0.000000 	
0.097512 	-0.061498 	2.597373 	0.111444 	1.460152 	3.424355 	-0.074180 	-0.024331 	1.779307 	0.000000 	
0.072886 	-0.016179 	1.480418 	0.132690 	1.446384 	3.806655 	-0.300024 	0.014089 	1.599648 	0.000000 	
0.075725 	-0.059975 	1.180968 	0.119523 	2.313498 	1.459757 	0.775000 	0.056871 	1.637508 	0.000000 	
0.086526 	0.021888 	2.253472 	0.107628 	1.929922 	4.758217 	-0.023987 	0.022954 	1.781237 	0.000000 	
0.079380 	0.060697 	1.603913 	0.164120 	2.004948 	3.108837 	0.504533 	0.086736 	1.965229 	0.000000 	
0.101304 	0.043264 	1.386580 	0.074586 	2.210493 	2.436847 	-0.176502 	0.027793 	1.470946 	0.000000 	
0.041773 	0.080144 	0.942704 	0.115388 	2.413234 	4.065230 	0.029779 	0.044702 	1.878790 	0.000000 	
0.149341 	-0.048108 	2.338478 	0.154883 	1.890441 	3.802378 	-0.159641 	0.075791 	1.545615 	0.000000 	
0.079491 	0.147349 	0.920544 	0.110686 	2.079842 	3.693929 	0.058338 	0.050026 	1.707879 	0.000000 	
0.095791 	-0.043015 	3.124337 	0.121143 	2.570254 	2.297589 	0.178141 	0.053208 	1.748506 	0.000000 	
0.135022 	-0.068304 	2.162358 	0.126714 	1.350572 	3.263366 	0.121544 	0.043481 	1.523087 	0.000000 	
0.058305 	0.149281 	2.310524 	0.101414 	2.369863 	5.608208 	-0.245346 	0.000206 	1.620023 	0.000000 	
0.045380 	0.056926 	1.119691 	0.125368 	2.325397 	2.573210 	0.382964 	0.023338 	1.760847 	0.000000 	
0.159457 	-0.038199 	1.713652 	0.099439 	1.949469 	3.508013 	-0.498687 	-0.066410 	1.579149 	0.000000 	
0.112458 	0.100272 	2.311955 	0.098689 	2.206149 	4.101633 	0.475995 	0.057416 	1.562654 	0.000000 	
0.084657 	0.089842 	1.616756 	0.166390 	0.751734 	3.436524 	0.216543 	0.068942 	1.983147 	0.145705 	
0.100626 	0.015897 	1.657881 	0.101169 	2.346449 	3.811243 	0.082909 	0.067845 	1.662189 	0.000000 	
0.078016 	0.196787 	1.587429 	0.119426 	1.979084 	4.436124 	-0.251767 	0.049338 	1.847440 	0.000000 	
0.167927 	-0.079923 	1.090384 	0.153798 	0.607739 	2.117702 	0.269445 	0.112942 	1.868864 	0.000000 	
0.144404 	0.243282 	1.620292 	0.070215 	1.060314 	3.738862 	0.044205 	-0.030210 	1.518533 	0.000000 	
0.099370 	0.100000 	1.152028 	0.207039 	1.073546 	3.215219 	0.236080 	0.014764 	1.940034 	0.038172 	
0.134704 	-0.129365 	1.225265 	0.192056 	0.962098 	3.694890 	0.320666 	0.029094 	1.811662 	0.000000 	
0.117099 	0.243035 	1.120508 	0.098634 	0.951494 	3.423522 	0.398443 	-0.021498 	1.857413 	0.000000 	
0.130300 	0.242808 	1.792171 	0.173284 	0.663071 	2.734767 	0.247617 	-0.016884 	1.571794 	0.000000 	
0.067818 	0.097274 	1.511621 	0.145280 	2.357842 	4.604212 	0.570491 	-0.061107 	1.796772 	0.000000 	
0.116915 	0.209238 	1.392446 	0.147210 	0.896764 	3.455540 	0.207614 	0.014563 	1.634921 	0.024401 	
0.094043 	0.031577 	1.398146 	0.191046 	1.708269 	3.089826 	0.461706 	0.096275 	1.796266 	0.226307 	
0.116261 	0.264052 	1.207154 	0.119021 	0.650529 	3.176480 	0.460759 	0.121665 	1.934084 	0.038790 	
0.122338 	0.116993 	1.976363 	0.059883 	0.961515 	2.925175 	0.294957 	0.014440 	1.911122 	0.000000 	
0.136007 	0.309836 	1.947803 	0.097299 	0.563797 	2.856641 	0.498357 	0.008442 	1.430815 	0.000000 	
0.132281 	0.311439 	1.986940 	0.152024 	0.931164 	2.894354 	0.391368 	0.065029 	1.873886 	0.000000 	
0.087815 	-0.088461 	1.488049 	0.218362 	1.401275 	3.231046 	0.512591 	0.081389 	1.541614 	0.000000 	
0.089480 	0.106593 	1.077661 	0.163699 	0.865395 	3.421016 	0.479670 	-0.019646 	1.518108 	0.000000 	
0.092014 	0.088517 	1.072125 	0.170369 	0.552825 	3.340474 	0.213595 	0.025152 	1.671866 	0.051549 	
0.097571 	0.278973 	2.050571 	0.178882 	0.932056 	2.902644 	0.234552 	0.085513 	1.981952 	0.000000 	
0.071250 	0.101983 	0.943053 	0.226760 	1.187469 	2.453037 	0.367739 	0.006180 	1.636001 	0.000000 	
0.103078 	0.338542 	1.640823 	0.128323 	0.950342 	3.375804 	0.384952 	0.055481 	1.710127 	0.029424 	
0.079681 	0.135287 	1.451995 	0.132901 	1.228614 	3.107863 	0.560836 	0.014536 	1.399084 	0.070004 	
0.027590 	0.199491 	1.043524 	0.192626 	2.195702 	4.048092 	0.317248 	-0.022815 	1.594117 	0.000000 	
0.153366 	0.159433 	1.508937 	0.133499 	0.713018 	2.732003 	0.496305 	0.028312 	1.507368 	0.000000 	
0.072743 	-0.027828 	1.734688 	0.110744 	2.106375 	2.962839 	-0.110759 	0.051261 	1.810146 	0.000000 	
0.102640 	0.234872 	0.929828 	0.195175 	0.709101 	2.578399 	0.501208 	0.070836 	1.916946 	0.000000 	
0.075587 	0.169652 	1.689269 	0.169000 	1.029340 	3.519012 	0.313603 	0.016695 	1.498913 	0.019349 	
0.087229 	0.242928 	2.246630 	0.162019 	0.888756 	3.355997 	0.391001 	0.000981 	1.441698 	0.000000 	
0.085954 	0.091714 	1.708137 	0.090554 	1.067919 	4.107058 	0.290879 	-0.017843 	1.670057 	0.000000 	
0.109580 	0.178771 	1.926499 	0.132171 	1.240872 	3.032239 	0.417547 	0.008516 	1.679542 	0.100093 	
0.099791 	0.093366 	1.445959 	0.141712 	1.174726 	3.399646 	0.480185 	0.072060 	1.860666 	0.022243 	
0.135212 	-0.059600 	1.105497 	0.205856 	0.791533 	3.068112 	0.219407 	0.055980 	1.799270 	0.000000 	
0.109325 	0.187072 	1.723628 	0.115994 	0.892568 	3.557751 	0.307123 	0.054271 	1.529891 	0.019036 	
0.093683 	0.358253 	1.964803 	0.188727 	0.840236 	2.610923 	0.386737 	0.081329 	1.884164 	0.000000 	
0.114260 	0.118086 	1.559544 	0.170673 	1.437883 	3.440414 	0.550943 	0.079127 	1.888297 	0.057536 	
0.124332 	-0.093967 	1.722586 	0.153117 	1.679381 	2.884811 	0.462907 	0.073672 	1.780760 	0.000000 	
0.152548 	-0.039187 	1.434155 	0.145276 	1.198508 	2.704287 	0.505107 	0.113450 	1.433613 	0.000000 	
0.106141 	0.308138 	1.794662 	0.148067 	0.954408 	3.387216 	0.597674 	0.029113 	1.774723 	0.056457 	
0.155209 	0.146008 	1.264487 	0.094330 	1.551182 	3.744012 	0.596865 	0.046230 	1.880904 	0.000000 	
0.066930 	0.057101 	1.641077 	0.178811 	0.966045 	3.648432 	0.347592 	0.013225 	1.616396 	0.025444 	
0.051610 	0.185548 	1.041083 	0.238010 	1.338567 	3.683465 	0.305919 	0.073468 	1.993727 	0.086361 	
0.091012 	-0.004154 	1.570151 	0.131965 	1.254795 	2.662538 	-0.200523 	0.060331 	1.925936 	0.000000 	
0.081892 	0.126130 	1.516978 	0.164051 	0.761613 	2.828464 	0.156826 	0.053175 	1.907612 	0.000000 	
0.121709 	0.002236 	1.191976 	0.132146 	0.874443 	3.161657 	0.556880 	0.040041 	1.912555 	0.044829 	
0.093176 	-0.053016 	2.058793 	0.104770 	2.847363 	3.360379 	0.012972 	0.048325 	1.641573 	0.000000 	
0.092715 	0.236522 	1.566980 	0.160766 	0.676520 	3.174050 	0.180183 	0.042427 	1.754092 	0.023379 	
0.095365 	0.001791 	1.196175 	0.150065 	1.179268 	3.541501 	0.465427 	0.035711 	1.446002 	0.029943 	
0.090263 	0.177432 	1.733142 	0.158897 	1.092201 	3.289659 	0.389629 	-0.048420 	1.502984 	0.000000 	
0.079515 	0.237085 	1.450981 	0.136349 	1.041647 	2.792762 	0.382381 	-0.023973 	1.551569 	0.000000 	
0.128381 	0.153026 	1.396872 	0.119559 	1.004097 	3.140766 	0.158795 	0.058891 	1.673724 	0.036684 	
0.033835 	0.214281 	1.528631 	0.183126 	1.990740 	3.990219 	0.345728 	-0.012063 	1.612130 	0.000000 	
0.116855 	0.203364 	2.014063 	0.112192 	0.702817 	2.827463 	0.413144 	0.039276 	1.584641 	0.000000 	
0.139495 	0.132599 	1.657521 	0.099143 	0.731527 	3.089646 	0.212216 	0.019035 	1.401114 	0.000000 	
