param#0 	 param#1 	 param#2 	 param#3 	 param#4 	 param#5 	 param#6 	 param#7 	 param#8 	 dist 	  wgt 
0.184248 	1.026326 	0.882150 	0.960836 	0.065371 	0.017341 	0.000568 	0.000461 	0.338293 	0.915745 	0.010000 	
0.187126 	1.089837 	1.500488 	0.977366 	0.052196 	0.021690 	0.001804 	0.008630 	0.400375 	0.833967 	0.010000 	
0.247766 	1.008032 	1.229337 	0.327418 	0.088157 	0.015990 	0.005194 	0.000336 	0.386874 	0.718021 	0.010000 	
0.220631 	0.975593 	1.159491 	0.173050 	0.094318 	0.016673 	0.004594 	0.003576 	0.438710 	0.728119 	0.010000 	
0.234808 	0.982488 	1.277749 	0.785168 	0.047895 	0.024959 	0.003690 	0.004029 	0.455815 	0.832407 	0.010000 	
0.165093 	1.045442 	1.558532 	0.481604 	0.050334 	0.018978 	0.001325 	0.007392 	0.462451 	0.674861 	0.010000 	
0.229207 	0.949382 	1.550171 	0.486107 	0.066808 	0.023623 	0.008347 	0.002873 	0.374909 	0.661337 	0.010000 	
0.180797 	1.017871 	1.058630 	0.999168 	0.032360 	0.017392 	0.002318 	0.001347 	0.311380 	0.893719 	0.010000 	
0.233646 	1.046975 	1.628289 	0.484429 	0.042213 	0.017308 	0.006293 	0.007468 	0.309729 	0.642004 	0.010000 	
0.232905 	0.971833 	1.810069 	1.195109 	0.055029 	0.023024 	0.000141 	0.006307 	0.498751 	0.823384 	0.010000 	
0.162884 	0.919289 	1.808469 	0.491898 	0.085651 	0.019117 	0.006773 	0.002328 	0.376598 	0.572157 	0.010000 	
0.169215 	0.926236 	1.689525 	0.337281 	0.039530 	0.015162 	0.009049 	0.002766 	0.312330 	0.591050 	0.010000 	
0.162927 	0.997729 	1.553824 	0.718675 	0.014521 	0.023486 	0.002585 	0.006361 	0.415351 	0.754044 	0.010000 	
0.245618 	0.946115 	1.959883 	0.833545 	0.036314 	0.015904 	0.000214 	0.008676 	0.415905 	0.744294 	0.010000 	
0.241281 	1.017118 	1.224679 	0.756081 	0.001780 	0.015203 	0.006230 	0.007255 	0.333733 	0.895266 	0.010000 	
0.153112 	0.956772 	1.726702 	1.275472 	0.002885 	0.019463 	0.001875 	0.008687 	0.402466 	0.783717 	0.010000 	
0.153562 	0.903257 	1.033389 	1.209119 	0.015632 	0.015155 	0.000061 	0.006821 	0.432921 	0.839631 	0.010000 	
0.150149 	0.963016 	0.986379 	1.293291 	0.049601 	0.022077 	0.002546 	0.002903 	0.426694 	0.873361 	0.010000 	
0.155514 	1.017359 	1.708780 	1.313301 	0.034603 	0.018269 	0.003440 	0.000677 	0.382432 	0.802969 	0.010000 	
0.234471 	0.943301 	1.563501 	0.273931 	0.012263 	0.021608 	0.007190 	0.007847 	0.411718 	0.693706 	0.010000 	
0.150873 	1.085888 	1.363739 	0.692646 	0.098220 	0.015998 	0.007749 	0.003813 	0.322720 	0.712060 	0.010000 	
0.190589 	0.968419 	0.841352 	0.477131 	0.050105 	0.018842 	0.009382 	0.000507 	0.359968 	0.692111 	0.010000 	
0.208147 	0.909848 	1.310818 	0.611279 	0.019757 	0.015627 	0.003113 	0.002747 	0.394287 	0.691647 	0.010000 	
0.164692 	1.003064 	1.176105 	0.225526 	0.014950 	0.023397 	0.001114 	0.003877 	0.406968 	0.663039 	0.010000 	
0.179720 	0.942331 	1.283598 	0.167190 	0.014451 	0.022464 	0.000672 	0.000934 	0.465576 	0.805221 	0.010000 	
0.153514 	1.062481 	1.730470 	1.309720 	0.078104 	0.019499 	0.000766 	0.007967 	0.377718 	0.784189 	0.010000 	
0.204385 	1.006885 	1.214965 	0.886026 	0.021118 	0.024053 	0.006861 	0.002307 	0.335638 	0.843658 	0.010000 	
0.231160 	1.058223 	1.983095 	1.487909 	0.088594 	0.021824 	0.006430 	0.003823 	0.307367 	0.877979 	0.010000 	
0.171194 	0.928306 	1.142466 	0.615965 	0.058041 	0.021837 	0.006176 	0.009673 	0.341269 	0.657184 	0.010000 	
0.162071 	1.032624 	1.013709 	1.375689 	0.079596 	0.017603 	0.008601 	0.000040 	0.338975 	0.962072 	0.010000 	
0.156646 	0.969107 	1.915244 	1.074629 	0.026259 	0.019487 	0.002744 	0.003845 	0.334756 	0.723489 	0.010000 	
0.200477 	0.949585 	0.887587 	1.122375 	0.032721 	0.024736 	0.006589 	0.001809 	0.493563 	0.979662 	0.010000 	
0.229571 	1.050056 	0.930024 	1.377202 	0.037230 	0.016880 	0.004189 	0.004099 	0.347692 	1.285761 	0.010000 	
0.248778 	1.086835 	1.156209 	0.744841 	0.086353 	0.022376 	0.003395 	0.002185 	0.340195 	0.935289 	0.010000 	
0.240283 	0.907327 	1.377388 	0.860842 	0.038118 	0.016731 	0.008957 	0.006360 	0.415429 	0.743851 	0.010000 	
0.168745 	0.985753 	1.413371 	0.625969 	0.049289 	0.019454 	0.003549 	0.004603 	0.321177 	0.617963 	0.010000 	
0.204813 	1.079995 	1.371200 	0.569662 	0.091870 	0.020019 	0.009181 	0.000371 	0.443098 	0.751180 	0.010000 	
0.176917 	0.951769 	1.438291 	0.507722 	0.090223 	0.021778 	0.004851 	0.008373 	0.412908 	0.654296 	0.010000 	
0.216971 	1.019700 	1.313400 	0.596645 	0.074983 	0.024537 	0.004552 	0.009531 	0.465321 	0.765384 	0.010000 	
0.189908 	1.056317 	1.321900 	0.725843 	0.071190 	0.021207 	0.003821 	0.004504 	0.429501 	0.787382 	0.010000 	
0.150357 	0.929215 	0.830950 	0.575506 	0.080705 	0.021870 	0.005535 	0.007263 	0.444781 	0.678201 	0.010000 	
0.233293 	0.915187 	1.670490 	1.350644 	0.074356 	0.015949 	0.007549 	0.000317 	0.310288 	0.787166 	0.010000 	
0.210686 	1.077241 	1.264161 	0.892448 	0.092846 	0.017231 	0.008474 	0.002527 	0.396738 	0.871024 	0.010000 	
0.246069 	0.907679 	0.897207 	0.514452 	0.024387 	0.019442 	0.009554 	0.002652 	0.404568 	0.729776 	0.010000 	
0.176352 	1.057041 	1.021428 	1.424970 	0.030546 	0.022497 	0.000094 	0.007705 	0.482812 	1.102569 	0.010000 	
0.249863 	1.079180 	1.601476 	0.921784 	0.012214 	0.016581 	0.001617 	0.002749 	0.406694 	0.980186 	0.010000 	
0.226865 	1.093791 	1.583561 	0.502274 	0.002786 	0.023843 	0.007577 	0.001590 	0.435675 	0.783988 	0.010000 	
0.241751 	1.002707 	1.713964 	0.317787 	0.020372 	0.016111 	0.002696 	0.001834 	0.479446 	0.886396 	0.010000 	
0.186356 	1.005723 	1.027534 	1.106226 	0.046509 	0.019057 	0.004351 	0.002210 	0.410313 	0.946291 	0.010000 	
0.232677 	0.971769 	1.538011 	0.726287 	0.057662 	0.022742 	0.000126 	0.009775 	0.469983 	0.760874 	0.010000 	
0.161483 	1.099753 	1.497349 	0.763718 	0.028095 	0.017255 	0.003973 	0.000664 	0.333318 	0.778007 	0.010000 	
0.219419 	0.979909 	1.099355 	0.657053 	0.091438 	0.019695 	0.000590 	0.002538 	0.392584 	0.749344 	0.010000 	
0.170357 	1.042789 	0.827085 	0.297782 	0.054113 	0.024439 	0.004355 	0.002262 	0.387596 	0.676738 	0.010000 	
0.223100 	1.007653 	1.873247 	0.834077 	0.059354 	0.022229 	0.008912 	0.008514 	0.498883 	0.839438 	0.010000 	
0.193577 	1.042828 	1.518039 	0.660585 	0.011088 	0.016058 	0.002935 	0.009164 	0.499880 	0.832948 	0.010000 	
0.163192 	1.003473 	1.366789 	1.000861 	0.035928 	0.018600 	0.000837 	0.005147 	0.457221 	0.795936 	0.010000 	
0.243996 	0.950136 	1.041980 	0.357570 	0.000909 	0.023479 	0.004589 	0.000618 	0.447097 	0.744373 	0.010000 	
0.170433 	0.908002 	1.802915 	0.375394 	0.097587 	0.018157 	0.007188 	0.003073 	0.423039 	0.590930 	0.010000 	
0.225856 	0.901084 	1.343648 	1.473487 	0.093557 	0.017490 	0.006705 	0.009703 	0.486628 	0.946224 	0.010000 	
0.239339 	1.016827 	1.198002 	1.039059 	0.022737 	0.019379 	0.006950 	0.000956 	0.332127 	0.983631 	0.010000 	
0.198885 	1.001984 	1.550192 	1.436469 	0.086952 	0.021056 	0.004574 	0.002802 	0.354590 	0.850416 	0.010000 	
0.246307 	0.964191 	1.691457 	1.043524 	0.005943 	0.024982 	0.007968 	0.008540 	0.357830 	0.854505 	0.010000 	
0.150977 	1.028853 	1.427961 	0.650878 	0.077488 	0.018486 	0.002022 	0.000728 	0.462714 	0.696450 	0.010000 	
0.187878 	0.907147 	1.656327 	1.295142 	0.082471 	0.024267 	0.006577 	0.009777 	0.382298 	0.760504 	0.010000 	
0.243629 	1.000503 	0.873374 	1.387386 	0.074830 	0.016771 	0.005746 	0.003523 	0.472052 	1.205736 	0.010000 	
0.190332 	1.061210 	1.629072 	1.040962 	0.023172 	0.024717 	0.002141 	0.001561 	0.431391 	0.849597 	0.010000 	
0.188784 	1.053929 	1.609874 	1.053903 	0.043735 	0.019827 	0.008804 	0.000944 	0.458443 	0.828145 	0.010000 	
0.150768 	0.940225 	1.594707 	0.782639 	0.038336 	0.017106 	0.000706 	0.005259 	0.361705 	0.671497 	0.010000 	
0.170236 	0.901476 	0.951051 	0.267360 	0.032963 	0.019296 	0.001768 	0.004294 	0.434487 	0.644528 	0.010000 	
0.187023 	1.000664 	1.014439 	0.231663 	0.074857 	0.016805 	0.007614 	0.002321 	0.402798 	0.658621 	0.010000 	
0.229527 	1.095414 	1.666747 	0.824351 	0.002186 	0.020324 	0.002263 	0.004880 	0.399983 	0.912262 	0.010000 	
0.229709 	1.022767 	0.844314 	0.690014 	0.013561 	0.024066 	0.007960 	0.009004 	0.441119 	0.961999 	0.010000 	
0.163162 	1.028322 	1.269903 	0.282424 	0.097687 	0.021483 	0.008013 	0.004917 	0.393820 	0.630092 	0.010000 	
0.164425 	0.987170 	0.891375 	1.335425 	0.045726 	0.016881 	0.007190 	0.005259 	0.316207 	0.980358 	0.010000 	
0.181979 	0.908715 	1.449685 	0.666798 	0.051328 	0.017497 	0.005471 	0.009383 	0.430289 	0.651711 	0.010000 	
0.174406 	1.006909 	1.857485 	0.361780 	0.069440 	0.018533 	0.009985 	0.003569 	0.416444 	0.609846 	0.010000 	
0.207941 	1.071185 	1.069993 	0.993236 	0.027192 	0.019958 	0.001367 	0.006646 	0.466219 	1.034374 	0.010000 	
0.169740 	1.053492 	1.333222 	1.324978 	0.070419 	0.024254 	0.002769 	0.003542 	0.467445 	0.907609 	0.010000 	
0.199933 	0.924594 	1.834316 	0.738011 	0.040782 	0.022235 	0.004121 	0.009043 	0.446330 	0.747551 	0.010000 	
0.224815 	0.901570 	1.731923 	0.423700 	0.001174 	0.024315 	0.006604 	0.002328 	0.482940 	0.688988 	0.010000 	
0.232024 	1.053270 	1.010108 	1.156804 	0.019951 	0.017665 	0.006345 	0.007900 	0.344411 	1.141376 	0.010000 	
0.174841 	0.995510 	0.965839 	1.185717 	0.079513 	0.017851 	0.004356 	0.001581 	0.471849 	0.920153 	0.010000 	
0.249939 	1.063498 	1.223579 	0.797385 	0.089847 	0.021966 	0.007064 	0.002909 	0.329682 	0.905048 	0.010000 	
0.245650 	1.017687 	0.874036 	0.509096 	0.083384 	0.017625 	0.009997 	0.000350 	0.479355 	0.881984 	0.010000 	
0.205359 	1.065127 	1.323623 	0.945508 	0.035430 	0.024184 	0.007672 	0.005925 	0.478460 	0.896708 	0.010000 	
0.191667 	0.985483 	1.193044 	0.568031 	0.042607 	0.021519 	0.009422 	0.000779 	0.357427 	0.675570 	0.010000 	
0.153375 	0.989260 	1.924538 	0.385692 	0.069520 	0.017443 	0.001571 	0.004618 	0.461835 	0.759836 	0.010000 	
0.246066 	0.975551 	1.722774 	1.319967 	0.011694 	0.015555 	0.000630 	0.002258 	0.494545 	0.969055 	0.010000 	
0.212970 	0.960676 	1.331706 	1.273453 	0.012941 	0.024853 	0.009495 	0.006303 	0.436009 	0.934388 	0.010000 	
0.194107 	0.992129 	1.578625 	0.540507 	0.046417 	0.015139 	0.007296 	0.005607 	0.378857 	0.647419 	0.010000 	
0.213722 	0.931018 	1.846914 	0.389418 	0.072081 	0.021072 	0.009759 	0.000173 	0.459944 	0.757171 	0.010000 	
0.182223 	1.065497 	1.109100 	1.488813 	0.039618 	0.021510 	0.009073 	0.007303 	0.425561 	1.090643 	0.010000 	
0.247676 	1.025597 	1.039086 	0.439805 	0.013521 	0.022557 	0.002060 	0.007691 	0.438163 	0.870299 	0.010000 	
0.180204 	1.029045 	1.300736 	0.214686 	0.031775 	0.017157 	0.001364 	0.002120 	0.322641 	0.624218 	0.010000 	
0.174877 	1.090628 	1.728828 	0.458193 	0.061405 	0.018864 	0.005173 	0.000566 	0.430995 	0.699736 	0.010000 	
0.238223 	1.077989 	0.880671 	0.716558 	0.082369 	0.020920 	0.007857 	0.001355 	0.489753 	1.028418 	0.010000 	
0.204179 	1.050866 	0.939260 	0.515503 	0.049147 	0.019965 	0.007604 	0.007271 	0.459043 	0.830799 	0.010000 	
0.228215 	0.906126 	1.397515 	1.413398 	0.026243 	0.015219 	0.006338 	0.005213 	0.327624 	0.885823 	0.010000 	
0.153314 	0.948436 	1.047313 	0.297024 	0.021408 	0.018451 	0.004717 	0.008929 	0.378732 	0.652036 	0.010000 	
0.227035 	0.927782 	0.884720 	0.532984 	0.069660 	0.019847 	0.003072 	0.006480 	0.343626 	0.723723 	0.010000 	
0.244390 	0.909938 	0.750845 	0.735548 	0.064243 	0.020666 	0.003214 	0.005448 	0.346906 	0.871444 	0.000000 	
0.179898 	0.942052 	1.265678 	1.049057 	0.080868 	0.022762 	0.001459 	0.004181 	0.441364 	0.761431 	0.167449 	
0.155104 	1.003526 	1.019454 	0.817851 	0.128295 	0.019469 	0.003712 	0.006523 	0.377931 	0.733021 	0.000000 	
0.155551 	0.936179 	0.809001 	1.087679 	-0.002299 	0.025786 	0.011404 	0.003545 	0.389463 	0.909992 	0.000000 	
0.147030 	0.866861 	1.537382 	0.534419 	0.077929 	0.019669 	0.008140 	-0.000876 	0.398119 	0.617407 	0.000000 	
0.159385 	0.918591 	0.680508 	0.078359 	0.158757 	0.009600 	0.000245 	0.002947 	0.463586 	0.685599 	0.000000 	
0.238548 	0.956037 	1.071109 	2.062870 	0.021320 	0.023786 	0.010915 	0.006758 	0.495551 	1.300145 	0.000000 	
0.196843 	0.944699 	2.487016 	0.313764 	0.094760 	0.022165 	-0.001572 	0.005297 	0.317234 	0.545296 	0.000000 	
0.234926 	1.105126 	0.646834 	1.698676 	0.085103 	0.022510 	-0.001581 	0.007783 	0.456281 	2.159428 	0.000000 	
0.170978 	1.029158 	1.706481 	0.528513 	0.078208 	0.019135 	0.008379 	0.008169 	0.447732 	0.748693 	0.184831 	
0.220022 	1.083016 	0.822235 	1.423438 	0.049736 	0.018812 	0.002761 	0.008171 	0.406094 	1.436484 	0.299250 	
0.307612 	0.834455 	0.630577 	0.927372 	0.085492 	0.022026 	0.006925 	0.006048 	0.480620 	1.163879 	0.000000 	
0.161998 	1.118683 	1.284453 	0.803222 	-0.031079 	0.024976 	0.006822 	-0.000559 	0.373405 	0.892856 	0.000000 	
0.248203 	0.915519 	0.897706 	0.767393 	0.118458 	0.019402 	-0.001404 	0.002021 	0.373622 	0.855838 	0.000000 	
0.257127 	0.976093 	1.751208 	1.373393 	-0.039665 	0.009886 	0.003656 	-0.010790 	0.353870 	0.968399 	0.000000 	
0.063551 	0.942447 	1.391691 	2.151539 	0.098115 	0.017362 	0.008625 	0.015393 	0.403274 	0.761279 	0.000000 	
0.247176 	0.940984 	1.722439 	0.483479 	-0.023115 	0.013320 	0.004050 	0.008740 	0.458737 	0.735120 	0.000000 	
0.289270 	1.010577 	1.081573 	1.613738 	0.068462 	0.011373 	-0.005040 	-0.001688 	0.433576 	1.343883 	0.000000 	
0.286421 	0.923377 	0.799628 	1.506941 	0.017171 	0.020741 	0.005695 	0.007972 	0.514661 	1.347980 	0.000000 	
0.091310 	0.961018 	0.603822 	1.175616 	-0.005464 	0.023510 	-0.000010 	0.009215 	0.488589 	0.898641 	0.000000 	
0.175558 	1.155581 	1.889873 	1.356635 	0.036581 	0.026565 	-0.000469 	0.002006 	0.412632 	0.964821 	0.000000 	
0.122418 	0.902839 	1.122963 	0.459244 	-0.044070 	0.012818 	0.003668 	-0.001377 	0.436223 	0.707555 	0.000000 	
0.188832 	0.939879 	1.700578 	-0.008309 	0.063615 	0.012650 	0.015375 	0.001660 	0.296939 	1.205419 	0.000000 	
0.112617 	0.916595 	1.605320 	1.445230 	0.047346 	0.022099 	0.004950 	0.002908 	0.503454 	0.724691 	0.000000 	
0.242466 	1.082445 	1.331492 	1.280000 	-0.055090 	0.024997 	0.006023 	0.007806 	0.422176 	1.164452 	0.000000 	
0.208045 	0.957190 	1.305528 	0.689318 	-0.046756 	0.024081 	0.009773 	0.006584 	0.313787 	0.744148 	0.000000 	
0.160218 	0.975813 	1.189261 	0.794307 	0.174142 	0.017521 	0.007871 	0.002930 	0.433374 	0.701833 	0.000000 	
0.213536 	1.070740 	1.999846 	1.958281 	-0.030066 	0.030014 	0.012617 	0.009115 	0.463828 	1.070131 	0.000000 	
0.167798 	0.837016 	1.446975 	1.373882 	0.096936 	0.019840 	0.013550 	0.010831 	0.282215 	0.659971 	0.000000 	
0.211992 	0.758813 	2.244296 	0.499845 	-0.009890 	0.017249 	0.004937 	0.003738 	0.483114 	0.661344 	0.000000 	
0.190697 	1.149096 	1.451345 	0.803363 	0.084531 	0.024676 	-0.000781 	0.001424 	0.301049 	0.837581 	0.000000 	
0.227365 	0.965288 	1.788928 	0.223854 	0.032000 	0.009819 	-0.001731 	0.005473 	0.369368 	0.616152 	0.000000 	
0.242977 	1.034497 	1.760443 	1.321949 	0.016894 	0.025266 	0.012736 	0.004947 	0.334800 	0.941496 	0.000000 	
0.175527 	1.091478 	1.512543 	1.544520 	0.021693 	0.018084 	0.001808 	0.004224 	0.450148 	1.012159 	0.000000 	
0.173866 	0.832631 	1.016876 	0.404797 	0.089142 	0.024122 	-0.002567 	0.007926 	0.311769 	0.555039 	0.000000 	
0.150940 	1.011575 	0.541915 	1.112899 	0.070854 	0.018138 	0.000428 	-0.001727 	0.348148 	1.085068 	0.000000 	
0.230116 	0.999860 	1.200344 	1.646839 	0.006974 	0.015698 	0.001720 	0.000982 	0.430035 	1.169081 	0.000000 	
0.241022 	0.851941 	1.281243 	-0.076818 	-0.002341 	0.026196 	0.006075 	0.007148 	0.485653 	2.196022 	0.000000 	
0.259741 	1.054802 	1.989455 	0.770864 	0.056388 	0.024095 	0.008741 	0.000895 	0.403111 	0.791887 	0.000000 	
0.164075 	1.166563 	1.728250 	0.111519 	0.079709 	0.019310 	0.006859 	0.002192 	0.204148 	0.565974 	0.000000 	
0.182204 	1.244805 	0.559265 	1.247204 	-0.045476 	0.014068 	0.002538 	0.003383 	0.324339 	2.671994 	0.000000 	
0.180258 	0.880084 	1.079603 	1.069683 	-0.013528 	0.021734 	0.007765 	0.007093 	0.384597 	0.811626 	0.000000 	
0.322645 	1.115621 	1.523561 	0.475167 	-0.025032 	0.014840 	0.008871 	0.008068 	0.197808 	0.835899 	0.000000 	
0.188180 	1.014037 	2.044344 	1.359548 	-0.030114 	0.020975 	0.001391 	0.007475 	0.596325 	0.920091 	0.000000 	
0.176335 	1.155199 	0.406705 	0.393992 	-0.009784 	0.024397 	0.002806 	-0.000122 	0.268597 	1.240605 	0.000000 	
0.224074 	0.966714 	1.755080 	0.142045 	0.045499 	0.025084 	0.008510 	0.014762 	0.380841 	0.719657 	0.000000 	
0.236621 	0.901782 	1.670423 	1.553191 	0.000861 	0.021719 	0.001753 	0.010578 	0.448092 	0.950675 	0.000000 	
0.175888 	1.077405 	1.472311 	1.221258 	0.092093 	0.021602 	0.013575 	-0.000035 	0.273095 	0.858150 	0.000000 	
0.183542 	0.975289 	1.234771 	0.748076 	0.024039 	0.017781 	-0.000246 	0.004091 	0.352757 	0.740554 	0.000000 	
0.200259 	1.069720 	1.660829 	0.257265 	-0.000912 	0.027670 	0.002833 	0.007216 	0.464671 	0.790727 	0.000000 	
0.167316 	0.877455 	1.005923 	0.912554 	0.040970 	0.021968 	-0.001836 	0.009692 	0.352081 	0.724739 	0.000000 	
0.089071 	0.865890 	2.402136 	0.599405 	0.071938 	0.012785 	-0.003088 	0.008191 	0.452238 	0.712789 	0.000000 	
0.161071 	0.903818 	1.158330 	1.579674 	0.062139 	0.028191 	-0.000092 	0.005847 	0.494209 	0.864463 	0.000000 	
0.196063 	0.887989 	1.871512 	0.233362 	0.073475 	0.017724 	0.014097 	0.006401 	0.431142 	0.622518 	0.000000 	
0.291600 	0.996319 	1.925897 	0.619874 	0.140022 	0.024547 	0.006092 	0.013546 	0.530690 	0.963199 	0.000000 	
0.117128 	0.972876 	2.117772 	1.780153 	0.035823 	0.024656 	0.007310 	0.008241 	0.447636 	0.772103 	0.000000 	
0.262056 	0.963599 	2.198873 	-0.046464 	0.026240 	0.016536 	-0.003684 	0.003353 	0.381001 	2.723554 	0.000000 	
0.207945 	0.966147 	2.227212 	1.212455 	0.040156 	0.021541 	0.009397 	-0.001170 	0.442000 	0.799927 	0.000000 	
0.190886 	0.800185 	2.067096 	1.532478 	0.014009 	0.015819 	-0.000359 	0.006118 	0.613375 	0.860620 	0.000000 	
0.123795 	1.044838 	1.539438 	1.879818 	0.056152 	0.016310 	0.001686 	0.001099 	0.621875 	0.877813 	0.000000 	
0.304025 	0.975597 	1.282256 	0.716755 	0.077287 	0.024786 	0.005032 	0.008514 	0.307739 	0.837955 	0.000000 	
0.138165 	0.986131 	2.479609 	1.185137 	0.064795 	0.019842 	0.005369 	0.006403 	0.480587 	0.723246 	0.000000 	
0.239424 	1.126962 	1.062351 	1.197305 	-0.008596 	0.020681 	-0.000887 	0.001557 	0.451855 	1.377471 	0.000000 	
0.189050 	0.961428 	1.723541 	0.915286 	0.106395 	0.018556 	0.005336 	0.002681 	0.316868 	0.661535 	0.000000 	
0.259625 	0.977201 	1.339468 	0.777268 	0.082587 	0.011093 	0.003631 	0.004867 	0.430906 	0.827028 	0.000000 	
0.208510 	0.936830 	1.635208 	1.549357 	0.107640 	0.034435 	0.001319 	0.010370 	0.515946 	0.872904 	0.000000 	
0.251479 	0.945179 	1.279297 	1.301633 	0.034777 	0.014205 	0.002896 	0.011614 	0.487341 	1.028786 	0.000000 	
0.165464 	1.190016 	1.795373 	1.336667 	0.081874 	0.013483 	0.000106 	0.011137 	0.300221 	0.950849 	0.000000 	
0.219815 	1.045079 	1.299217 	1.155415 	0.007905 	0.007279 	-0.002638 	0.002247 	0.421863 	1.015097 	0.000000 	
0.206169 	1.182269 	1.517704 	1.200374 	0.083964 	0.026512 	0.005207 	0.005460 	0.333407 	1.080926 	0.000000 	
0.283992 	0.826241 	1.827160 	0.708032 	-0.003992 	0.014142 	0.005935 	-0.001919 	0.376523 	0.748747 	0.000000 	
0.164414 	1.050398 	1.939194 	1.837277 	0.074481 	0.014376 	0.013708 	-0.002301 	0.271244 	0.849078 	0.000000 	
0.277733 	0.980039 	1.766145 	0.950459 	0.056190 	0.013134 	0.008381 	-0.003802 	0.334556 	0.804190 	0.000000 	
0.263752 	1.026567 	0.447393 	0.823964 	0.071890 	0.022237 	0.021476 	0.001204 	0.516509 	1.495409 	0.000000 	
0.262456 	0.933158 	0.729885 	0.710025 	0.076781 	0.013182 	0.011293 	0.002030 	0.374915 	0.878821 	0.000000 	
0.202760 	0.835022 	1.080265 	1.099364 	0.034746 	0.018084 	0.010373 	0.004061 	0.436753 	0.787605 	0.000000 	
0.193820 	1.072711 	1.893460 	0.713192 	-0.010315 	0.019935 	0.013089 	0.008018 	0.321965 	0.736840 	0.000000 	
0.193656 	1.115085 	0.908907 	1.373113 	0.018688 	0.012970 	0.008348 	0.002249 	0.366602 	1.353423 	0.000000 	
0.232071 	0.972699 	0.751714 	0.427965 	0.094194 	0.021165 	0.000613 	-0.000610 	0.536188 	0.830814 	0.000000 	
0.127073 	0.924898 	1.267620 	0.543853 	0.015510 	0.026817 	-0.000933 	0.003587 	0.356852 	0.664105 	0.000000 	
0.217545 	0.970445 	1.656900 	0.699999 	0.009105 	0.021854 	0.010661 	-0.003879 	0.470972 	0.732832 	0.000000 	
0.153251 	1.152319 	1.501089 	1.701372 	-0.017175 	0.027424 	0.004608 	0.002667 	0.501355 	1.109234 	0.000000 	
0.137311 	0.906399 	1.498910 	-0.035153 	0.039703 	0.021664 	0.007410 	0.008475 	0.251509 	4.873044 	0.000000 	
0.171006 	0.946273 	1.947712 	1.286316 	0.050865 	0.018606 	0.005565 	0.003198 	0.483307 	0.724659 	0.348470 	
0.151427 	0.784853 	1.183793 	0.975207 	0.075927 	0.024587 	0.008113 	0.000964 	0.319696 	0.607121 	0.000000 	
0.206282 	0.878478 	2.082674 	0.379315 	0.060194 	0.013404 	-0.002698 	0.007161 	0.414989 	0.625840 	0.000000 	
0.112941 	0.957987 	2.749456 	1.256001 	0.089166 	0.017927 	-0.000558 	0.014346 	0.384173 	0.618667 	0.000000 	
0.287633 	0.994746 	1.137112 	0.755653 	0.039074 	0.021971 	0.000494 	0.010497 	0.303393 	0.901267 	0.000000 	
0.138473 	1.060067 	1.359910 	2.706815 	0.159049 	0.023607 	0.002109 	0.009460 	0.345033 	1.103492 	0.000000 	
0.232454 	1.021532 	1.249443 	1.112388 	0.158044 	0.005214 	0.005889 	0.002765 	0.435397 	1.018009 	0.000000 	
0.258557 	0.999597 	1.917224 	0.477198 	0.033699 	0.017031 	-0.000559 	0.002624 	0.447411 	0.804603 	0.000000 	
0.201749 	1.020056 	1.583688 	0.680929 	0.043599 	0.017672 	0.007463 	-0.000388 	0.473064 	0.739071 	0.000000 	
0.115037 	0.923143 	0.551937 	0.470630 	0.098961 	0.012455 	0.004251 	-0.003474 	0.466235 	0.667395 	0.000000 	
0.289036 	0.907257 	1.561774 	0.512311 	-0.013510 	0.027456 	0.008637 	0.006690 	0.404622 	0.784926 	0.000000 	
0.191138 	0.930378 	1.081435 	0.532609 	-0.009456 	0.020089 	-0.006901 	0.001628 	0.321626 	0.705759 	0.000000 	
0.146750 	1.202185 	2.057120 	0.141964 	0.010560 	0.013080 	-0.001368 	0.008682 	0.477074 	0.771177 	0.000000 	
0.215975 	1.172817 	0.900212 	1.197306 	0.063611 	0.015783 	0.008893 	0.007872 	0.309419 	1.513153 	0.000000 	
0.193522 	1.095115 	1.928178 	0.767562 	0.150137 	0.020758 	0.010302 	0.008997 	0.452263 	0.785132 	0.000000 	
0.190249 	1.084086 	2.173302 	0.168165 	0.038090 	0.025094 	-0.002933 	0.000592 	0.396650 	0.666821 	0.000000 	
0.156127 	1.117282 	1.688975 	1.213435 	0.072332 	0.011385 	0.004296 	0.011210 	0.311074 	0.838154 	0.000000 	
