param#0 	 param#1 	 dist 	  wgt 
1.576161 	0.456544 	2.274716 	0.010000 	
1.566775 	0.515169 	2.164942 	0.010000 	
1.638513 	0.320054 	1.209753 	0.010000 	
1.507021 	0.423209 	2.048757 	0.010000 	
1.530328 	0.487450 	10.769590 	0.010000 	
1.481849 	0.436267 	2.061357 	0.010000 	
1.495055 	0.348475 	2.232740 	0.010000 	
1.529158 	0.370727 	2.192116 	0.010000 	
1.529766 	0.479183 	18.001782 	0.010000 	
1.543656 	0.449210 	3.186718 	0.010000 	
1.512096 	0.331002 	1.283817 	0.010000 	
1.596677 	0.332635 	1.511358 	0.010000 	
1.486990 	0.513192 	1.444662 	0.010000 	
1.613743 	0.506988 	2.133101 	0.010000 	
1.559035 	0.508289 	2.424260 	0.010000 	
1.561789 	0.347351 	1.642671 	0.010000 	
1.507909 	0.362812 	1.595825 	0.010000 	
1.514565 	0.345287 	3.452900 	0.010000 	
1.489677 	0.382313 	2.533004 	0.010000 	
1.497559 	0.474764 	7.362646 	0.010000 	
1.575714 	0.482837 	2.570465 	0.010000 	
1.550843 	0.450518 	1.355563 	0.010000 	
1.502788 	0.358712 	2.022269 	0.010000 	
1.505100 	0.363564 	2.167520 	0.010000 	
1.580543 	0.384692 	1.358959 	0.010000 	
1.480672 	0.394780 	1.490981 	0.010000 	
1.602807 	0.378688 	1.271821 	0.010000 	
1.514324 	0.408836 	2.606653 	0.010000 	
1.640604 	0.376332 	1.439380 	0.010000 	
1.599470 	0.334905 	1.400207 	0.010000 	
1.582737 	0.424851 	1.673664 	0.010000 	
1.594822 	0.338584 	1.736290 	0.010000 	
1.543149 	0.511827 	2.890008 	0.010000 	
1.485860 	0.467005 	4.247651 	0.010000 	
1.514191 	0.371560 	2.222890 	0.010000 	
1.543453 	0.430025 	1.883753 	0.010000 	
1.616856 	0.418002 	1.740597 	0.010000 	
1.484952 	0.324955 	1.431512 	0.010000 	
1.480115 	0.433551 	1.346821 	0.010000 	
1.632219 	0.323844 	1.192006 	0.010000 	
1.616617 	0.457512 	1.953430 	0.010000 	
1.617080 	0.512715 	2.861773 	0.010000 	
1.495093 	0.439491 	1.676030 	0.010000 	
1.624715 	0.369109 	1.459001 	0.010000 	
1.520209 	0.483153 	3.052849 	0.010000 	
1.570933 	0.480729 	1.643964 	0.010000 	
1.552112 	0.395777 	1.667597 	0.010000 	
1.495782 	0.354184 	1.932324 	0.010000 	
1.578029 	0.361049 	1.631213 	0.010000 	
1.617195 	0.352662 	1.285584 	0.010000 	
1.512146 	0.381238 	3.303984 	0.010000 	
1.539041 	0.477180 	2.529286 	0.010000 	
1.564785 	0.369078 	1.392998 	0.010000 	
1.566432 	0.493626 	3.709391 	0.010000 	
1.541790 	0.346524 	1.440860 	0.010000 	
1.511848 	0.519719 	5.840556 	0.010000 	
1.587065 	0.469905 	1.660752 	0.010000 	
1.513466 	0.501197 	1.444976 	0.010000 	
1.584671 	0.388850 	2.058512 	0.010000 	
1.519777 	0.422086 	2.709855 	0.010000 	
1.556253 	0.432628 	2.835342 	0.010000 	
1.568451 	0.486039 	3.859940 	0.010000 	
1.528063 	0.375201 	1.830235 	0.010000 	
1.534473 	0.351564 	1.985732 	0.010000 	
1.576089 	0.359012 	1.501677 	0.010000 	
1.592258 	0.388167 	1.582422 	0.010000 	
1.641157 	0.495692 	1.526898 	0.010000 	
1.587083 	0.395123 	1.621059 	0.010000 	
1.607561 	0.372433 	1.500944 	0.010000 	
1.602474 	0.333197 	1.284144 	0.010000 	
1.572007 	0.343605 	1.345619 	0.010000 	
1.496389 	0.388982 	2.003533 	0.010000 	
1.639817 	0.483202 	1.605193 	0.010000 	
1.593575 	0.496682 	3.962867 	0.010000 	
1.608257 	0.332445 	1.377116 	0.010000 	
1.597176 	0.418739 	2.061547 	0.010000 	
1.538792 	0.388473 	1.692801 	0.010000 	
1.591219 	0.514806 	1.639319 	0.010000 	
1.588207 	0.383898 	1.614368 	0.010000 	
1.588531 	0.416188 	1.685737 	0.010000 	
1.586871 	0.413117 	2.218745 	0.010000 	
1.566320 	0.496045 	2.028176 	0.010000 	
1.489565 	0.362516 	1.123559 	0.010000 	
1.580858 	0.500229 	3.417321 	0.010000 	
1.521827 	0.347009 	6.708953 	0.010000 	
1.642209 	0.437052 	1.528171 	0.010000 	
1.593033 	0.345514 	1.633055 	0.010000 	
1.513135 	0.476971 	15.506158 	0.010000 	
1.561103 	0.410459 	1.356687 	0.010000 	
1.521255 	0.439694 	2.239336 	0.010000 	
1.563186 	0.482930 	2.664838 	0.010000 	
1.614484 	0.406950 	1.305578 	0.010000 	
1.554778 	0.399669 	1.857142 	0.010000 	
1.572375 	0.379580 	2.802729 	0.010000 	
1.586637 	0.395600 	1.386963 	0.010000 	
1.521311 	0.423837 	2.742851 	0.010000 	
1.639115 	0.468803 	1.718136 	0.010000 	
1.484153 	0.467477 	26.841935 	0.010000 	
1.503253 	0.457049 	3.368949 	0.010000 	
1.593194 	0.344927 	1.506328 	0.010000 	
1.534767 	0.305080 	1.560417 	0.000000 	
1.575911 	0.487749 	1.981687 	0.019166 	
1.451386 	0.386390 	1.495389 	0.000000 	
1.517997 	0.459173 	1.953066 	0.017769 	
1.527842 	0.342311 	1.470011 	0.019502 	
1.514279 	0.225649 	1.161045 	0.000000 	
1.515141 	0.355063 	2.086684 	0.019265 	
1.336504 	0.316552 	1.191949 	0.000000 	
1.513650 	0.487210 	1.797804 	0.021036 	
1.467908 	0.461611 	2.056178 	0.000000 	
1.651521 	0.502976 	1.554704 	0.000000 	
1.557089 	0.383439 	1.767917 	0.015229 	
1.589308 	0.395850 	1.646071 	0.016051 	
1.475483 	0.228360 	1.291858 	0.000000 	
1.639114 	0.424662 	1.674131 	0.024569 	
1.476196 	0.547325 	2.217146 	0.000000 	
1.602274 	0.340729 	1.407202 	0.021228 	
1.655275 	0.397521 	1.296641 	0.000000 	
1.652656 	0.334722 	1.164607 	0.000000 	
1.611337 	0.337481 	1.177731 	0.023093 	
1.522648 	0.375482 	1.156457 	0.016919 	
1.658261 	0.463940 	1.536359 	0.000000 	
1.523589 	0.312632 	1.172073 	0.000000 	
1.416361 	0.321609 	1.323643 	0.000000 	
1.503581 	0.421091 	2.098247 	0.017889 	
1.466511 	0.384238 	2.164229 	0.000000 	
1.466402 	0.379925 	2.425679 	0.000000 	
1.680094 	0.314383 	1.527059 	0.000000 	
1.614910 	0.395251 	1.745378 	0.019030 	
1.535694 	0.394005 	1.887162 	0.015349 	
1.563908 	0.232988 	1.255215 	0.000000 	
1.451689 	0.368847 	1.413882 	0.000000 	
1.632474 	0.494176 	1.636959 	0.030040 	
1.534303 	0.391289 	2.346864 	0.015489 	
1.363752 	0.421612 	1.105512 	0.000000 	
1.637079 	0.321773 	1.117879 	0.033172 	
1.624704 	0.482341 	2.455697 	0.025598 	
1.612210 	0.278568 	1.114853 	0.000000 	
1.594343 	0.435511 	1.390756 	0.016718 	
1.514147 	0.326648 	1.497800 	0.023512 	
1.527488 	0.295504 	1.481813 	0.000000 	
1.606831 	0.502175 	2.212875 	0.024930 	
1.553646 	0.299198 	1.505457 	0.000000 	
1.659698 	0.524970 	1.987507 	0.000000 	
1.569182 	0.245978 	1.167845 	0.000000 	
1.641060 	0.489299 	2.525616 	0.032286 	
1.644501 	0.325036 	1.110925 	0.000000 	
1.497117 	0.412583 	2.553454 	0.018801 	
1.647078 	0.355337 	1.290107 	0.000000 	
1.586657 	0.323669 	1.339678 	0.022193 	
1.562491 	0.338416 	1.377332 	0.018820 	
1.619312 	0.579539 	2.121063 	0.000000 	
1.566265 	0.404175 	2.135839 	0.014828 	
1.576148 	0.414784 	1.992890 	0.015113 	
1.575953 	0.237844 	1.291300 	0.000000 	
1.659787 	0.384805 	1.369466 	0.000000 	
1.624097 	0.282499 	1.102247 	0.000000 	
1.354780 	0.319234 	1.887386 	0.000000 	
1.530314 	0.447768 	1.883835 	0.016165 	
1.643736 	0.293394 	1.168400 	0.000000 	
1.643699 	0.538449 	2.513005 	0.000000 	
1.571115 	0.461635 	2.086220 	0.016520 	
1.662155 	0.301756 	1.129634 	0.000000 	
1.665001 	0.326145 	1.225705 	0.000000 	
1.515863 	0.306705 	1.500534 	0.000000 	
1.659680 	0.403422 	1.466351 	0.000000 	
1.528397 	0.158393 	1.069700 	0.000000 	
1.630385 	0.479083 	1.916346 	0.026703 	
1.538293 	0.342183 	1.708269 	0.018828 	
1.519625 	0.366674 	1.247065 	0.017767 	
1.610376 	0.210819 	0.992381 	0.000000 	
1.523737 	0.402391 	1.132620 	0.015875 	
1.601090 	0.430565 	2.498604 	0.017265 	
1.531700 	0.400392 	2.046066 	0.015406 	
1.476081 	0.396710 	1.681956 	0.000000 	
1.549073 	0.428294 	1.609485 	0.014869 	
1.502147 	0.448711 	1.622921 	0.019032 	
1.438058 	0.429871 	1.131998 	0.000000 	
1.470005 	0.309128 	1.485881 	0.000000 	
1.479796 	0.478907 	1.690301 	0.026904 	
1.618398 	0.339644 	1.232122 	0.024130 	
1.660264 	0.455818 	1.553945 	0.000000 	
1.423597 	0.297934 	1.704506 	0.000000 	
1.624360 	0.332227 	1.310530 	0.026786 	
1.649553 	0.442799 	1.439453 	0.000000 	
1.385976 	0.344491 	1.874164 	0.000000 	
1.629770 	0.306761 	1.157568 	0.000000 	
1.579029 	0.290822 	1.473815 	0.000000 	
1.635584 	0.470713 	1.646655 	0.027137 	
1.501258 	0.234086 	1.554064 	0.000000 	
1.568136 	0.451648 	2.395610 	0.015824 	
1.626813 	0.349289 	1.483837 	0.024697 	
1.510571 	0.365080 	2.558554 	0.018876 	
1.563339 	0.465526 	1.311282 	0.016573 	
1.500280 	0.378690 	2.235662 	0.019335 	
1.562294 	0.287644 	1.256658 	0.000000 	
1.631567 	0.480786 	1.923298 	0.027324 	
1.591710 	0.460677 	1.959262 	0.017788 	
1.466147 	0.290748 	1.913303 	0.000000 	
1.548333 	0.340960 	1.423630 	0.018598 	
1.514664 	0.448475 	1.688230 	0.025289 	
1.663271 	0.401772 	1.410217 	0.000000 	
1.598739 	0.399487 	1.534831 	0.020313 	
1.544260 	0.468821 	2.352731 	0.023814 	
1.625968 	0.461471 	1.645456 	0.024788 	
1.625802 	0.490836 	1.504847 	0.028403 	
1.577104 	0.469990 	1.568466 	0.022460 	
1.510790 	0.318190 	1.382135 	0.000000 	
1.663571 	0.403309 	1.601235 	0.000000 	
1.566940 	0.303391 	1.462564 	0.000000 	
1.581689 	0.410249 	1.662303 	0.019433 	
1.520546 	0.361974 	2.114701 	0.024187 	
1.619870 	0.545394 	2.012425 	0.000000 	
1.585476 	0.284049 	1.312320 	0.000000 	
1.453075 	0.467940 	1.378942 	0.000000 	
1.575506 	0.442931 	1.880867 	0.020235 	
1.591235 	0.262012 	1.114553 	0.000000 	
1.540648 	0.204503 	1.225104 	0.000000 	
1.532669 	0.230435 	1.586003 	0.000000 	
1.587057 	0.354357 	1.373276 	0.022221 	
1.544107 	0.422735 	2.442744 	0.020348 	
1.567301 	0.211079 	1.118540 	0.000000 	
1.587252 	0.418666 	1.567469 	0.019650 	
1.657843 	0.530940 	1.774113 	0.000000 	
1.532082 	0.221043 	1.165977 	0.000000 	
1.588662 	0.578696 	1.827422 	0.000000 	
1.490070 	0.323183 	1.642594 	0.038383 	
1.666139 	0.386332 	1.157736 	0.000000 	
1.511551 	0.292591 	1.768357 	0.000000 	
1.483086 	0.421638 	1.226918 	0.030900 	
1.627396 	0.268110 	1.112584 	0.000000 	
1.679191 	0.444339 	1.501075 	0.000000 	
1.431230 	0.485873 	1.200100 	0.000000 	
1.669774 	0.299302 	1.280751 	0.000000 	
1.621249 	0.481885 	1.486637 	0.026396 	
1.619307 	0.222889 	1.042852 	0.000000 	
1.591830 	0.439633 	2.249486 	0.020418 	
1.533146 	0.343572 	2.470194 	0.024742 	
1.393773 	0.329173 	1.896390 	0.000000 	
1.574754 	0.316434 	1.761150 	0.000000 	
1.590666 	0.532989 	2.340400 	0.000000 	
1.519997 	0.256397 	1.354098 	0.000000 	
1.601156 	0.383278 	1.597797 	0.021034 	
1.668822 	0.431249 	1.536722 	0.000000 	
1.651239 	0.350751 	1.288675 	0.000000 	
1.555872 	0.292660 	1.727649 	0.000000 	
1.660475 	0.399695 	1.523109 	0.000000 	
1.576692 	0.269438 	1.187307 	0.000000 	
1.645992 	0.353164 	1.137227 	0.000000 	
1.581177 	0.438928 	1.638134 	0.020082 	
1.601093 	0.369889 	1.820149 	0.021824 	
1.680304 	0.502429 	2.379159 	0.000000 	
1.557335 	0.353325 	1.701750 	0.022029 	
1.632564 	0.216984 	0.991620 	0.000000 	
1.451792 	0.399071 	1.163933 	0.000000 	
1.572587 	0.271687 	1.210217 	0.000000 	
1.673787 	0.545878 	2.319850 	0.000000 	
1.336451 	0.464555 	1.538204 	0.000000 	
1.601838 	0.361892 	1.586125 	0.022528 	
1.569994 	0.353962 	1.444056 	0.021811 	
1.459877 	0.260860 	1.434028 	0.000000 	
1.442036 	0.388229 	2.479367 	0.000000 	
1.570159 	0.417392 	2.218159 	0.019364 	
1.390854 	0.311668 	1.284862 	0.000000 	
1.590596 	0.347519 	1.399110 	0.023162 	
1.584539 	0.525677 	2.157173 	0.000000 	
1.583419 	0.402103 	1.697714 	0.019529 	
1.586902 	0.365355 	1.575492 	0.021244 	
1.407330 	0.339300 	1.314758 	0.000000 	
1.548022 	0.309867 	1.709002 	0.000000 	
1.525177 	0.310588 	1.318945 	0.000000 	
1.526933 	0.358437 	1.414636 	0.023698 	
1.624672 	0.328251 	1.208585 	0.030463 	
1.483208 	0.341532 	2.204056 	0.036402 	
1.624951 	0.378250 	1.339765 	0.024134 	
1.586452 	0.444443 	2.127367 	0.020476 	
1.452133 	0.527550 	1.784088 	0.000000 	
1.656097 	0.410596 	1.209360 	0.000000 	
1.476771 	0.372609 	1.876493 	0.000000 	
1.641287 	0.475799 	1.617356 	0.029045 	
1.547110 	0.369398 	1.363771 	0.021108 	
1.660638 	0.516137 	1.704841 	0.000000 	
1.667932 	0.403808 	1.456857 	0.000000 	
1.566476 	0.319558 	1.680638 	0.000000 	
1.421730 	0.377838 	1.144285 	0.000000 	
1.646543 	0.343333 	1.300869 	0.000000 	
1.616031 	0.323603 	1.370398 	0.029804 	
1.584185 	0.362046 	1.272139 	0.021391 	
1.608652 	0.388811 	1.702591 	0.021460 	
1.655144 	0.310876 	1.155159 	0.000000 	
1.636390 	0.410179 	1.409493 	0.024871 	
1.423577 	0.370482 	1.356410 	0.000000 	
1.580604 	0.520922 	1.884044 	0.000000 	
1.422165 	0.346852 	1.421459 	0.000000 	
1.604914 	0.265291 	1.169039 	0.000000 	
1.487950 	0.489357 	1.298063 	0.040593 	
1.574295 	0.305811 	1.271962 	0.000000 	
1.607259 	0.326977 	1.610331 	0.027820 	
1.589141 	0.339196 	1.233853 	0.024150 	
1.476006 	0.687309 	2.239923 	0.000000 	
