param#0 	 param#1 	 dist 	  wgt 
0.831490 	0.422756 	2.007837 	0.010000 	
0.890939 	0.567532 	1.973763 	0.010000 	
0.865004 	0.564797 	2.865610 	0.010000 	
0.845261 	0.591393 	7.383233 	0.010000 	
0.843191 	0.466552 	1.876164 	0.010000 	
0.861687 	0.442495 	1.767555 	0.010000 	
0.833434 	0.531221 	2.261760 	0.010000 	
0.848238 	0.638610 	14.652180 	0.010000 	
0.869596 	0.512983 	10.980011 	0.010000 	
0.887160 	0.616320 	4.302201 	0.010000 	
0.815852 	0.496637 	3.762688 	0.010000 	
0.873873 	0.475477 	2.081258 	0.010000 	
0.881426 	0.437257 	2.039833 	0.010000 	
0.828372 	0.612039 	3.959050 	0.010000 	
0.867533 	0.453083 	2.090603 	0.010000 	
0.857106 	0.539264 	8.076616 	0.010000 	
0.872083 	0.536007 	4.722524 	0.010000 	
0.845632 	0.607728 	34.439409 	0.010000 	
0.863471 	0.528537 	10.485930 	0.010000 	
0.884138 	0.659980 	3.352608 	0.010000 	
0.817172 	0.510115 	1.703578 	0.010000 	
0.854896 	0.483010 	7.724280 	0.010000 	
0.822022 	0.535251 	8.495738 	0.010000 	
0.895401 	0.430644 	2.104712 	0.010000 	
0.848819 	0.528568 	2.138236 	0.010000 	
0.878253 	0.657897 	3.789784 	0.010000 	
0.835624 	0.651409 	14.370666 	0.010000 	
0.834507 	0.531913 	4.882878 	0.010000 	
0.843420 	0.661045 	11.528096 	0.010000 	
0.896542 	0.557052 	5.124156 	0.010000 	
0.816596 	0.432749 	2.057251 	0.010000 	
0.890774 	0.573982 	2.528663 	0.010000 	
0.875546 	0.439814 	2.154850 	0.010000 	
0.829598 	0.422449 	1.747416 	0.010000 	
0.878620 	0.512267 	2.993481 	0.010000 	
0.851559 	0.466012 	2.743347 	0.010000 	
0.862616 	0.473588 	2.800999 	0.010000 	
0.843930 	0.571384 	5.116385 	0.010000 	
0.815424 	0.600136 	4.760100 	0.010000 	
0.881554 	0.507599 	5.986113 	0.010000 	
0.846845 	0.425547 	2.337059 	0.010000 	
0.856025 	0.499821 	5.751060 	0.010000 	
0.853984 	0.658559 	2.360243 	0.010000 	
0.826724 	0.569776 	4.937419 	0.010000 	
0.827698 	0.667475 	7.142625 	0.010000 	
0.816579 	0.567288 	6.563167 	0.010000 	
0.882741 	0.591539 	5.177400 	0.010000 	
0.887284 	0.547959 	4.190584 	0.010000 	
0.829876 	0.432927 	2.111879 	0.010000 	
0.866508 	0.523704 	2.642938 	0.010000 	
0.866559 	0.677171 	7.380269 	0.010000 	
0.872261 	0.598674 	2.628650 	0.010000 	
0.861885 	0.522145 	1.986228 	0.010000 	
0.863393 	0.528341 	3.051989 	0.010000 	
0.815805 	0.584726 	1.785351 	0.010000 	
0.829156 	0.496472 	2.489767 	0.010000 	
0.853430 	0.472156 	3.680883 	0.010000 	
0.885130 	0.511895 	3.933162 	0.010000 	
0.873596 	0.427335 	2.169302 	0.010000 	
0.825535 	0.435536 	3.416346 	0.010000 	
0.872268 	0.541610 	2.680747 	0.010000 	
0.814834 	0.512204 	2.485036 	0.010000 	
0.843085 	0.546157 	2.562238 	0.010000 	
0.877923 	0.523147 	3.445273 	0.010000 	
0.882101 	0.541744 	2.938620 	0.010000 	
0.827387 	0.501099 	11.250837 	0.010000 	
0.874599 	0.520169 	2.270935 	0.010000 	
0.889304 	0.551637 	2.011530 	0.010000 	
0.841072 	0.421759 	2.860089 	0.010000 	
0.896546 	0.653210 	16.724504 	0.010000 	
0.842679 	0.473525 	2.566943 	0.010000 	
0.884902 	0.508290 	2.547526 	0.010000 	
0.825731 	0.567223 	2.063826 	0.010000 	
0.854844 	0.470403 	2.086457 	0.010000 	
0.815142 	0.676710 	2.246886 	0.010000 	
0.880927 	0.568512 	1.442638 	0.010000 	
0.858414 	0.675108 	9.367507 	0.010000 	
0.873090 	0.659329 	3.139298 	0.010000 	
0.824888 	0.510994 	3.615903 	0.010000 	
0.863765 	0.457844 	1.647093 	0.010000 	
0.886736 	0.448271 	3.684633 	0.010000 	
0.877416 	0.637716 	2.429797 	0.010000 	
0.876143 	0.675674 	4.125244 	0.010000 	
0.838019 	0.658432 	2.216175 	0.010000 	
0.887923 	0.513661 	2.311383 	0.010000 	
0.873393 	0.673715 	34.070183 	0.010000 	
0.861456 	0.522170 	3.635572 	0.010000 	
0.813674 	0.648710 	68.089228 	0.010000 	
0.868662 	0.472013 	2.074371 	0.010000 	
0.849465 	0.496000 	2.502695 	0.010000 	
0.839081 	0.591448 	3.050373 	0.010000 	
0.842484 	0.597288 	2.475552 	0.010000 	
0.894906 	0.522502 	2.169990 	0.010000 	
0.881514 	0.517281 	2.005819 	0.010000 	
0.862896 	0.564187 	1.961010 	0.010000 	
0.859670 	0.470603 	2.184163 	0.010000 	
0.830123 	0.665761 	2.063185 	0.010000 	
0.884737 	0.539123 	4.527989 	0.010000 	
0.839224 	0.439673 	6.810402 	0.010000 	
0.816354 	0.540778 	4.817274 	0.010000 	
0.817733 	0.473861 	1.976399 	0.025767 	
0.837058 	0.509353 	3.969041 	0.017487 	
0.803586 	0.784769 	3.406829 	0.000000 	
0.861300 	0.502860 	2.234432 	0.015805 	
0.761760 	0.540196 	2.116786 	0.000000 	
0.886539 	0.533543 	2.137131 	0.019049 	
0.870171 	0.406564 	3.961137 	0.000000 	
0.985840 	0.344782 	2.239575 	0.000000 	
0.826987 	0.548255 	2.471045 	0.019789 	
0.803967 	0.544420 	4.082515 	0.000000 	
0.863638 	0.478537 	1.781738 	0.016860 	
0.837373 	0.657095 	2.686666 	0.025952 	
0.871306 	0.527699 	2.232556 	0.016094 	
0.955432 	0.660181 	2.791387 	0.000000 	
0.903820 	0.511663 	2.493111 	0.000000 	
0.923607 	0.702754 	4.013361 	0.000000 	
0.896236 	0.562046 	2.848127 	0.023276 	
0.916294 	0.471406 	2.187989 	0.000000 	
0.862345 	0.623921 	2.499290 	0.019506 	
0.823926 	0.506797 	2.995849 	0.021106 	
0.860494 	0.394316 	1.883266 	0.000000 	
0.954618 	0.684358 	3.170451 	0.000000 	
0.858253 	0.404972 	2.389156 	0.000000 	
0.828312 	0.645406 	2.333989 	0.026890 	
0.860893 	0.504105 	1.945372 	0.015762 	
0.874559 	0.743241 	4.024829 	0.000000 	
0.854395 	0.285770 	1.361366 	0.000000 	
0.840029 	0.394994 	2.867512 	0.000000 	
0.914543 	0.513085 	2.502459 	0.000000 	
0.867077 	0.612243 	2.304567 	0.018770 	
0.880775 	0.447393 	1.700603 	0.021996 	
0.939693 	0.528815 	4.246574 	0.000000 	
0.877711 	0.703970 	3.134456 	0.000000 	
0.929214 	0.440906 	2.044138 	0.000000 	
0.892871 	0.518532 	2.467959 	0.021417 	
0.913129 	0.441334 	1.707187 	0.000000 	
0.904186 	0.584079 	4.805447 	0.000000 	
0.856613 	0.658445 	4.510259 	0.023764 	
0.865741 	0.323843 	1.691271 	0.000000 	
0.854302 	0.543389 	3.654983 	0.015507 	
0.864211 	0.759534 	3.061240 	0.000000 	
0.886406 	0.579660 	4.242484 	0.020216 	
0.882023 	0.370574 	1.605359 	0.000000 	
0.903379 	0.571125 	3.923688 	0.000000 	
0.888673 	0.587546 	2.917218 	0.021434 	
0.837596 	0.413274 	1.632591 	0.000000 	
0.924780 	0.509131 	3.630215 	0.000000 	
0.888133 	0.424491 	2.390932 	0.028264 	
0.856188 	0.543596 	2.607327 	0.015464 	
0.810202 	0.703031 	3.513113 	0.000000 	
0.862384 	0.352175 	2.241456 	0.000000 	
0.857939 	0.491683 	2.428510 	0.016124 	
0.778769 	0.562107 	2.203333 	0.000000 	
0.814640 	0.513508 	2.467992 	0.025163 	
0.825102 	0.575764 	2.315385 	0.021273 	
0.925995 	0.422738 	1.770634 	0.000000 	
0.871890 	0.573368 	3.928798 	0.016942 	
0.842437 	0.483595 	2.391742 	0.017528 	
0.907014 	0.385386 	1.720616 	0.000000 	
0.883692 	0.436104 	3.445781 	0.024414 	
0.872950 	0.610329 	4.411770 	0.019299 	
0.800622 	0.359905 	2.511082 	0.000000 	
0.782083 	0.549464 	4.084757 	0.000000 	
0.788315 	0.479214 	1.894981 	0.000000 	
0.805366 	0.619133 	3.108454 	0.000000 	
0.871805 	0.533336 	3.519439 	0.016141 	
0.832749 	0.481768 	1.822407 	0.019500 	
0.828376 	0.617909 	3.015493 	0.023302 	
0.833373 	0.841661 	3.377583 	0.000000 	
0.831214 	0.622129 	3.036178 	0.022852 	
0.883493 	0.322957 	1.621384 	0.000000 	
0.886712 	0.525727 	3.244236 	0.019135 	
0.852193 	0.644546 	2.291361 	0.021891 	
0.915284 	0.388698 	2.258851 	0.000000 	
0.831247 	0.631039 	2.365710 	0.023868 	
0.843306 	0.646775 	2.977325 	0.023147 	
0.846275 	0.449153 	1.684440 	0.019491 	
0.920875 	0.552949 	4.017656 	0.000000 	
0.911638 	0.552262 	2.459476 	0.000000 	
0.931172 	0.449348 	2.483549 	0.000000 	
0.930807 	0.548099 	2.700686 	0.000000 	
0.820143 	0.516546 	2.089264 	0.022359 	
0.831989 	0.393597 	1.618930 	0.000000 	
0.883188 	0.533313 	2.317235 	0.018146 	
0.820538 	0.335322 	1.910451 	0.000000 	
0.858891 	0.362255 	1.765531 	0.000000 	
0.787529 	0.375809 	2.298726 	0.000000 	
0.891447 	0.587173 	2.351617 	0.022465 	
0.842605 	0.690665 	3.417529 	0.000000 	
0.868971 	0.711367 	3.320967 	0.000000 	
0.854558 	0.388258 	1.649958 	0.000000 	
0.898958 	0.531761 	1.654537 	0.024187 	
0.917585 	0.595884 	3.273199 	0.000000 	
0.853096 	0.443648 	3.247246 	0.019491 	
0.848748 	0.396900 	2.072814 	0.000000 	
0.823931 	0.565971 	3.773741 	0.021276 	
0.811262 	0.662462 	4.169899 	0.041127 	
0.881202 	0.504857 	3.229361 	0.018108 	
0.917790 	0.475994 	2.423108 	0.000000 	
0.810923 	0.454117 	1.811868 	0.032598 	
0.873777 	0.519595 	2.266722 	0.022061 	
0.876033 	0.524625 	2.372966 	0.022266 	
0.799437 	0.565437 	1.700506 	0.000000 	
0.858722 	0.445700 	2.055831 	0.028007 	
0.882437 	0.487843 	3.217702 	0.025669 	
0.931534 	0.404929 	2.154280 	0.000000 	
0.863239 	0.469726 	2.153358 	0.024641 	
0.790242 	0.725642 	2.479872 	0.000000 	
0.931656 	0.481885 	2.893770 	0.000000 	
0.857088 	0.554231 	2.867746 	0.020333 	
0.904805 	0.644161 	3.279934 	0.000000 	
0.882261 	0.516277 	2.130655 	0.023805 	
0.893417 	0.458410 	2.201863 	0.033445 	
0.837753 	0.489880 	2.888556 	0.023987 	
0.840051 	0.246221 	1.522248 	0.000000 	
0.804480 	0.509905 	2.903987 	0.000000 	
0.818354 	0.537785 	2.132552 	0.026377 	
0.903476 	0.607570 	3.096098 	0.000000 	
0.821029 	0.487682 	1.859246 	0.028611 	
0.884266 	0.393967 	1.831814 	0.000000 	
0.861145 	0.432477 	1.949122 	0.030737 	
0.816498 	0.413539 	1.922804 	0.000000 	
0.782123 	0.586890 	1.611275 	0.000000 	
0.834474 	0.382684 	2.322708 	0.000000 	
0.911352 	0.625037 	2.176992 	0.000000 	
0.878146 	0.550804 	2.246432 	0.022439 	
0.865164 	0.515021 	3.219162 	0.021296 	
0.903099 	0.554742 	2.240783 	0.000000 	
0.920250 	0.354828 	1.757027 	0.000000 	
0.914990 	0.555992 	2.487474 	0.000000 	
0.741963 	0.543790 	2.453877 	0.000000 	
0.767902 	0.505319 	1.668123 	0.000000 	
0.886350 	0.440902 	1.898299 	0.033934 	
0.846871 	0.493244 	2.548124 	0.022607 	
0.776491 	0.650210 	2.061106 	0.000000 	
0.898319 	0.496585 	2.887627 	0.030823 	
0.861740 	0.369063 	2.121208 	0.000000 	
0.862704 	0.673650 	2.705057 	0.033511 	
0.769929 	0.468583 	2.818152 	0.000000 	
0.803948 	0.507891 	2.860600 	0.000000 	
0.866354 	0.534928 	2.972206 	0.020849 	
0.811807 	0.693609 	2.073351 	0.000000 	
0.879371 	0.627839 	1.768143 	0.028418 	
0.883395 	0.408230 	2.355386 	0.000000 	
0.866492 	0.483614 	3.228515 	0.023425 	
0.852029 	0.387078 	2.599268 	0.000000 	
1.027979 	0.528946 	2.413361 	0.000000 	
0.871405 	0.353976 	2.800500 	0.000000 	
0.869248 	0.396919 	1.503688 	0.000000 	
0.843766 	0.664431 	2.473770 	0.030235 	
0.847609 	0.542463 	2.490458 	0.020538 	
0.961023 	0.559350 	3.161160 	0.000000 	
0.865457 	0.706886 	2.793043 	0.000000 	
0.856195 	0.382909 	1.903647 	0.000000 	
0.835923 	0.430135 	1.844207 	0.033900 	
0.768239 	0.429517 	1.619804 	0.000000 	
0.876379 	0.390401 	2.506270 	0.000000 	
0.868479 	0.390151 	2.048274 	0.000000 	
0.880683 	0.476440 	1.969391 	0.026390 	
0.803633 	0.475951 	2.339573 	0.000000 	
0.848548 	0.312768 	1.493617 	0.000000 	
0.850951 	0.487297 	2.559379 	0.022829 	
0.908744 	0.499368 	2.264278 	0.000000 	
0.768503 	0.450893 	3.091675 	0.000000 	
0.828446 	0.462053 	2.456715 	0.029499 	
0.829515 	0.372954 	2.413222 	0.000000 	
0.786730 	0.674790 	2.748680 	0.000000 	
0.901342 	0.487199 	3.070761 	0.000000 	
0.844498 	0.347601 	1.737007 	0.000000 	
0.859574 	0.483226 	2.219988 	0.023086 	
0.830819 	0.557406 	3.067531 	0.022650 	
0.937648 	0.424651 	1.707980 	0.000000 	
0.806464 	0.565199 	1.970910 	0.000000 	
0.856301 	0.404724 	1.829826 	0.000000 	
0.899787 	0.267406 	1.384245 	0.000000 	
0.918578 	0.411783 	1.757437 	0.000000 	
0.854749 	0.369871 	1.896260 	0.000000 	
0.877938 	0.497741 	2.664413 	0.023879 	
0.854931 	0.358367 	1.877326 	0.000000 	
0.866231 	0.632187 	3.267987 	0.026047 	
0.792908 	0.409275 	2.007543 	0.000000 	
0.871704 	0.708520 	3.261580 	0.000000 	
0.899601 	0.561854 	2.773142 	0.030140 	
0.823017 	0.478240 	2.755596 	0.028992 	
0.801944 	0.497325 	1.937485 	0.000000 	
0.786298 	0.285637 	1.334168 	0.000000 	
0.884669 	0.371009 	1.753072 	0.000000 	
0.883930 	0.597237 	3.070940 	0.026121 	
0.877871 	0.431046 	1.992149 	0.033519 	
0.916936 	0.392667 	2.402248 	0.000000 	
0.883289 	0.382111 	1.766644 	0.000000 	
0.808450 	0.417042 	2.976811 	0.000000 	
0.826399 	0.556431 	2.297305 	0.023665 	
0.826904 	0.395941 	3.239822 	0.000000 	
0.887659 	0.413333 	1.997377 	0.000000 	
0.871325 	0.373548 	1.778090 	0.000000 	
0.764447 	0.428454 	2.127597 	0.000000 	
0.884679 	0.601120 	2.799567 	0.026736 	
0.819196 	0.418457 	2.285289 	0.000000 	
0.885976 	0.523277 	2.486184 	0.024534 	
0.833287 	0.430313 	1.748951 	0.022793 	
0.827350 	0.451004 	2.205300 	0.022777 	
0.904626 	0.297814 	1.380915 	0.000000 	
0.817369 	0.437700 	2.041479 	0.030447 	
0.862942 	0.561334 	1.635867 	0.015436 	
0.961008 	0.387876 	2.431106 	0.000000 	
0.853704 	0.397980 	1.463707 	0.000000 	
0.873235 	0.433730 	1.880797 	0.017372 	
0.821115 	0.544680 	1.607902 	0.024969 	
0.818616 	0.266308 	1.904118 	0.000000 	
0.883976 	0.561739 	2.285439 	0.016852 	
0.839971 	0.576468 	2.416537 	0.020005 	
0.885578 	0.639690 	2.547656 	0.027960 	
0.847716 	0.395324 	1.669770 	0.000000 	
0.923945 	0.459872 	1.888844 	0.000000 	
0.846817 	0.472331 	1.804325 	0.015847 	
0.873413 	0.379988 	2.215446 	0.000000 	
0.854657 	0.348805 	2.369142 	0.000000 	
0.892041 	0.544692 	2.398802 	0.017744 	
0.920227 	0.382219 	1.655277 	0.000000 	
0.786789 	0.364278 	2.187851 	0.000000 	
0.791354 	0.482036 	2.643372 	0.000000 	
0.818197 	0.419129 	1.557229 	0.000000 	
0.924550 	0.472717 	1.918760 	0.000000 	
0.890654 	0.411155 	2.078705 	0.000000 	
0.774929 	0.701871 	2.394903 	0.000000 	
0.852822 	0.558653 	2.663314 	0.016044 	
0.857593 	0.451761 	2.589958 	0.015772 	
0.780731 	0.386916 	2.141926 	0.000000 	
0.865097 	0.374137 	2.054469 	0.000000 	
0.860259 	0.443987 	1.524449 	0.016211 	
0.776205 	0.465189 	1.817669 	0.000000 	
0.821163 	0.469911 	1.651246 	0.024321 	
0.844282 	0.400499 	1.855711 	0.000000 	
0.864759 	0.300177 	2.150200 	0.000000 	
0.861690 	0.528914 	2.720018 	0.014126 	
0.870175 	0.645611 	2.204224 	0.026482 	
0.878698 	0.396286 	1.869610 	0.000000 	
0.857659 	0.520858 	2.733329 	0.014167 	
0.873771 	0.524119 	2.535942 	0.014183 	
0.756481 	0.479995 	1.452962 	0.000000 	
0.826150 	0.616656 	2.146352 	0.033339 	
0.821681 	0.542927 	2.157662 	0.024505 	
0.831974 	0.495850 	2.447164 	0.018720 	
0.860363 	0.407287 	2.387239 	0.000000 	
0.918691 	0.589891 	2.235079 	0.000000 	
0.924683 	0.521796 	2.182791 	0.000000 	
0.885444 	0.500909 	2.299300 	0.015458 	
0.842114 	0.474834 	1.611752 	0.016596 	
0.866706 	0.332258 	1.909951 	0.000000 	
0.784507 	0.563358 	2.199453 	0.000000 	
0.812248 	0.471990 	1.815693 	0.030358 	
0.880892 	0.486568 	1.726946 	0.014976 	
0.886595 	0.391823 	1.442242 	0.000000 	
0.917651 	0.539859 	2.515845 	0.000000 	
0.775485 	0.646973 	1.681846 	0.000000 	
0.927311 	0.412239 	2.113218 	0.000000 	
0.894206 	0.594819 	2.043801 	0.022852 	
0.850949 	0.481894 	1.928386 	0.014956 	
0.930061 	0.329907 	1.936157 	0.000000 	
0.843969 	0.272760 	1.533670 	0.000000 	
0.889506 	0.581770 	2.621613 	0.019737 	
0.874061 	0.496791 	1.909206 	0.014108 	
0.815646 	0.519483 	2.010207 	0.026967 	
0.847980 	0.461064 	1.654765 	0.016222 	
0.879042 	0.593111 	1.864360 	0.018767 	
0.867314 	0.556169 	2.295467 	0.015087 	
0.789407 	0.304661 	2.464723 	0.000000 	
0.879454 	0.497024 	2.407225 	0.014603 	
0.925866 	0.440133 	2.337377 	0.000000 	
0.878936 	0.439594 	2.367781 	0.017418 	
0.921190 	0.276459 	1.472106 	0.000000 	
0.838709 	0.567057 	2.054908 	0.019470 	
0.948464 	0.398011 	1.953647 	0.000000 	
0.818814 	0.363211 	2.246759 	0.000000 	
0.799631 	0.493626 	2.548637 	0.000000 	
0.842666 	0.302436 	1.703585 	0.000000 	
0.829380 	0.640522 	1.846132 	0.037933 	
0.861540 	0.617533 	2.351325 	0.021268 	
0.836820 	0.488123 	2.537550 	0.017422 	
0.842400 	0.413537 	2.059481 	0.000000 	
0.882703 	0.626412 	2.050816 	0.024305 	
0.889415 	0.378127 	2.159422 	0.000000 	
0.891454 	0.445564 	2.663706 	0.019622 	
0.820566 	0.581659 	2.031683 	0.029924 	
0.834154 	0.442250 	1.687314 	0.021000 	
0.847371 	0.374713 	2.092204 	0.000000 	
0.914415 	0.458498 	1.626453 	0.000000 	
0.803809 	0.386654 	1.652029 	0.000000 	
0.787435 	0.381538 	1.675959 	0.000000 	
0.894191 	0.427428 	1.833137 	0.022879 	
0.816287 	0.322464 	1.658120 	0.000000 	
0.820105 	0.481629 	1.824740 	0.024286 	
0.901670 	0.577813 	2.184583 	0.000000 	
0.861206 	0.365098 	2.364720 	0.000000 	
0.871132 	0.537774 	2.300236 	0.014390 	
0.895175 	0.437361 	2.507179 	0.021891 	
0.885924 	0.453903 	1.847420 	0.017433 	
0.884656 	0.402514 	2.326216 	0.000000 	
0.923160 	0.462648 	2.286045 	0.000000 	
0.822060 	0.424565 	2.359752 	0.027204 	
0.775267 	0.476818 	2.030946 	0.000000 	
0.832268 	0.290611 	1.435090 	0.000000 	
0.808938 	0.517054 	1.706914 	0.000000 	
0.966198 	0.372249 	1.799372 	0.000000 	
0.992049 	0.440424 	1.880879 	0.000000 	
0.832878 	0.454374 	2.059225 	0.021112 	
0.841919 	0.493787 	1.779594 	0.018058 	
0.890761 	0.360459 	1.555455 	0.000000 	
0.873329 	0.530687 	2.422883 	0.019152 	
0.889488 	0.343921 	1.844487 	0.000000 	
0.910361 	0.595577 	1.959887 	0.000000 	
0.850941 	0.653440 	1.579443 	0.030523 	
0.833656 	0.505607 	1.850911 	0.018603 	
0.710187 	0.548751 	1.607120 	0.000000 	
0.870271 	0.519710 	2.180030 	0.018653 	
0.881008 	0.512789 	2.399993 	0.020633 	
0.898298 	0.482408 	1.795714 	0.027952 	
0.856823 	0.363148 	1.967558 	0.000000 	
0.849670 	0.501063 	2.270354 	0.017618 	
0.871078 	0.312921 	1.470239 	0.000000 	
0.797772 	0.413640 	2.238775 	0.000000 	
0.858583 	0.415242 	2.052997 	0.000000 	
0.821081 	0.667142 	2.343203 	0.043439 	
0.865882 	0.482497 	1.986135 	0.018956 	
0.819642 	0.432856 	2.397642 	0.026627 	
0.848006 	0.553228 	2.123081 	0.018193 	
0.921474 	0.484138 	1.998361 	0.000000 	
0.759608 	0.450235 	1.548324 	0.000000 	
0.889082 	0.490799 	1.935454 	0.023540 	
0.889408 	0.279137 	1.429522 	0.000000 	
0.892699 	0.415469 	2.236808 	0.000000 	
0.983293 	0.360315 	1.763324 	0.000000 	
0.850428 	0.394407 	1.392386 	0.000000 	
0.871788 	0.486668 	1.914823 	0.019543 	
0.861075 	0.441365 	1.682400 	0.021596 	
0.958163 	0.453419 	1.987880 	0.000000 	
0.921113 	0.315832 	1.559590 	0.000000 	
0.880635 	0.658363 	2.243083 	0.035739 	
0.794035 	0.416024 	1.473531 	0.000000 	
0.856872 	0.460474 	2.254026 	0.019564 	
0.774651 	0.367234 	1.520858 	0.000000 	
0.886138 	0.677448 	2.361695 	0.045042 	
0.916390 	0.369374 	1.713018 	0.000000 	
0.824583 	0.530281 	2.075292 	0.020237 	
0.861556 	0.486208 	1.947427 	0.018412 	
0.827509 	0.602294 	1.651303 	0.024748 	
0.953591 	0.411342 	2.442862 	0.000000 	
0.892393 	0.519836 	2.300440 	0.024051 	
0.844681 	0.416386 	1.803902 	0.000000 	
0.817584 	0.186744 	1.203295 	0.000000 	
0.878711 	0.440850 	2.039052 	0.024594 	
0.812324 	0.542383 	1.753673 	0.024299 	
0.824291 	0.488625 	1.948236 	0.020580 	
0.885551 	0.301767 	1.501553 	0.000000 	
0.839987 	0.572448 	1.914790 	0.019720 	
0.860652 	0.593482 	2.121108 	0.020927 	
0.924819 	0.487424 	2.438334 	0.000000 	
0.826952 	0.745402 	2.384637 	0.000000 	
0.887392 	0.458371 	2.093874 	0.025252 	
0.937995 	0.476038 	1.946683 	0.000000 	
0.876776 	0.371106 	2.078733 	0.000000 	
0.907496 	0.456004 	1.862241 	0.000000 	
0.827103 	0.522837 	2.118907 	0.019611 	
0.842547 	0.537031 	2.430664 	0.017946 	
0.894605 	0.360864 	1.674857 	0.000000 	
0.961668 	0.379565 	1.609727 	0.000000 	
0.821997 	0.288239 	1.599504 	0.000000 	
0.847983 	0.536663 	1.826157 	0.017693 	
0.938836 	0.459389 	2.193864 	0.000000 	
0.849703 	0.524996 	2.316107 	0.017491 	
0.910599 	0.544503 	2.447493 	0.000000 	
0.863816 	0.390096 	1.880322 	0.000000 	
0.823115 	0.545061 	1.920804 	0.021028 	
0.806672 	0.241755 	1.368289 	0.000000 	
0.853425 	0.447583 	2.421825 	0.020543 	
0.817442 	0.326222 	1.631334 	0.000000 	
0.842961 	0.447615 	2.290659 	0.020722 	
0.910465 	0.477139 	2.090970 	0.000000 	
0.840127 	0.332840 	1.715251 	0.000000 	
0.906393 	0.396145 	2.157518 	0.000000 	
0.918985 	0.598856 	2.397006 	0.000000 	
0.761490 	0.516529 	2.023242 	0.000000 	
0.823884 	0.453803 	1.934582 	0.022879 	
0.897188 	0.446410 	1.887030 	0.031127 	
0.842628 	0.440380 	2.401672 	0.021496 	
0.846969 	0.366870 	1.501875 	0.000000 	
0.832804 	0.638263 	2.295941 	0.029719 	
0.836965 	0.454726 	1.636254 	0.020570 	
0.882851 	0.357530 	1.707929 	0.000000 	
0.772364 	0.505088 	2.260105 	0.000000 	
0.856675 	0.342032 	1.630244 	0.000000 	
0.791823 	0.162897 	1.177893 	0.000000 	
0.867803 	0.352458 	1.855326 	0.000000 	
0.755633 	0.607283 	1.912193 	0.000000 	
0.819171 	0.322501 	1.440908 	0.000000 	
0.888058 	0.214166 	2.008150 	0.000000 	
0.778959 	0.303773 	2.130579 	0.000000 	
0.885625 	0.458817 	2.411922 	0.024607 	
0.775108 	0.492239 	1.331868 	0.000000 	
