param#0 	 param#1 	 dist 	  wgt 
0.730871 	0.547875 	1.834788 	0.010000 	
0.779485 	0.679396 	7.741947 	0.010000 	
0.692994 	0.654868 	3.472281 	0.010000 	
0.798099 	0.503667 	16.315732 	0.010000 	
0.665412 	0.423752 	1.933795 	0.010000 	
0.771607 	0.597225 	2.265808 	0.010000 	
0.746734 	0.553007 	6.858522 	0.010000 	
0.805517 	0.645556 	3.658904 	0.010000 	
0.663971 	0.629520 	4.963422 	0.010000 	
0.728431 	0.609921 	5.365094 	0.010000 	
0.655921 	0.493737 	1.617213 	0.010000 	
0.864648 	0.610290 	3.502426 	0.010000 	
0.769097 	0.471997 	2.099693 	0.010000 	
0.726729 	0.591995 	2.470748 	0.010000 	
0.704548 	0.510302 	2.616017 	0.010000 	
0.643716 	0.505556 	2.461531 	0.010000 	
0.722747 	0.663302 	56.310357 	0.010000 	
0.678780 	0.566694 	4.357610 	0.010000 	
0.766978 	0.488787 	1.612076 	0.010000 	
0.756665 	0.467381 	2.145030 	0.010000 	
0.791357 	0.563965 	2.485286 	0.010000 	
0.672664 	0.566011 	8.719545 	0.010000 	
0.793930 	0.590101 	20.039790 	0.010000 	
0.771904 	0.559783 	2.312233 	0.010000 	
0.840933 	0.439746 	2.719586 	0.010000 	
0.759129 	0.557102 	4.394020 	0.010000 	
0.640844 	0.611841 	11.302536 	0.010000 	
0.661550 	0.646887 	6.666315 	0.010000 	
0.643605 	0.678946 	1.821051 	0.010000 	
0.727727 	0.599091 	2.010606 	0.010000 	
0.762416 	0.534348 	16.162613 	0.010000 	
0.708469 	0.554376 	1.706012 	0.010000 	
0.724111 	0.635494 	2.153406 	0.010000 	
0.667646 	0.641483 	2.232051 	0.010000 	
0.643026 	0.535826 	2.362702 	0.010000 	
0.747460 	0.488894 	2.229066 	0.010000 	
0.831887 	0.585704 	3.469419 	0.010000 	
0.871196 	0.673487 	4.207087 	0.010000 	
0.712476 	0.515192 	9.944526 	0.010000 	
0.804764 	0.640435 	14.829550 	0.010000 	
0.833369 	0.622169 	3.557021 	0.010000 	
0.875372 	0.492045 	3.053738 	0.010000 	
0.868210 	0.443678 	3.685713 	0.010000 	
0.746835 	0.646762 	55.608946 	0.010000 	
0.875752 	0.483180 	6.935653 	0.010000 	
0.659218 	0.475920 	2.258224 	0.010000 	
0.888093 	0.446265 	2.057695 	0.010000 	
0.880196 	0.448980 	1.783396 	0.010000 	
0.849227 	0.423575 	1.803528 	0.010000 	
0.863970 	0.620500 	6.320292 	0.010000 	
0.735347 	0.590423 	4.966256 	0.010000 	
0.883827 	0.590974 	3.439374 	0.010000 	
0.668747 	0.507399 	1.441986 	0.010000 	
0.827867 	0.654877 	3.214177 	0.010000 	
0.780010 	0.467822 	1.815999 	0.010000 	
0.653164 	0.574857 	2.149162 	0.010000 	
0.631982 	0.447405 	1.685645 	0.010000 	
0.635000 	0.651521 	3.958275 	0.010000 	
0.800519 	0.489124 	1.840922 	0.010000 	
0.822716 	0.617790 	3.981018 	0.010000 	
0.877329 	0.672709 	2.237808 	0.010000 	
0.686977 	0.577776 	3.787371 	0.010000 	
0.857980 	0.462133 	3.868505 	0.010000 	
0.826008 	0.539201 	3.431247 	0.010000 	
0.634214 	0.633074 	2.284290 	0.010000 	
0.645652 	0.553959 	1.940489 	0.010000 	
0.830195 	0.602372 	1.764511 	0.010000 	
0.755194 	0.571397 	7.643353 	0.010000 	
0.738231 	0.628347 	15.066712 	0.010000 	
0.801607 	0.473475 	3.583594 	0.010000 	
0.708198 	0.420316 	1.458470 	0.010000 	
0.820533 	0.630961 	9.715785 	0.010000 	
0.700215 	0.667463 	92.464824 	0.010000 	
0.749882 	0.446695 	2.060012 	0.010000 	
0.763251 	0.524090 	3.059759 	0.010000 	
0.742003 	0.491526 	8.964450 	0.010000 	
0.681080 	0.621511 	2.001759 	0.010000 	
0.644377 	0.558080 	1.457285 	0.010000 	
0.812615 	0.638686 	2.363787 	0.010000 	
0.699162 	0.601235 	3.751060 	0.010000 	
0.757037 	0.545578 	2.511214 	0.010000 	
0.793664 	0.423622 	1.848466 	0.010000 	
0.764254 	0.427381 	44.927820 	0.010000 	
0.686108 	0.641253 	4.229476 	0.010000 	
0.810695 	0.623220 	7.059111 	0.010000 	
0.872984 	0.646166 	14.834417 	0.010000 	
0.713604 	0.541036 	12.292635 	0.010000 	
0.865367 	0.419666 	2.268284 	0.010000 	
0.781985 	0.657420 	3.819571 	0.010000 	
0.702072 	0.490738 	4.553022 	0.010000 	
0.782277 	0.610513 	1.804640 	0.010000 	
0.697850 	0.678710 	1.584909 	0.010000 	
0.823518 	0.589905 	3.823948 	0.010000 	
0.645027 	0.619181 	1.597476 	0.010000 	
0.804248 	0.493173 	2.688679 	0.010000 	
0.733413 	0.663315 	2.536680 	0.010000 	
0.786886 	0.447767 	2.077993 	0.010000 	
0.759111 	0.519323 	2.062612 	0.010000 	
0.855944 	0.456186 	1.569345 	0.010000 	
0.812747 	0.461212 	3.916426 	0.010000 	
0.838634 	0.490453 	3.015106 	0.019979 	
0.673322 	0.515035 	2.006448 	0.018795 	
0.762846 	0.524722 	1.654709 	0.015156 	
0.656916 	0.364931 	1.463893 	0.000000 	
0.752698 	0.554473 	1.735041 	0.014620 	
0.696266 	0.622575 	3.831896 	0.017341 	
0.860489 	0.583625 	3.481859 	0.020786 	
0.868335 	0.385564 	1.462891 	0.000000 	
0.598747 	0.463643 	1.528000 	0.000000 	
0.867357 	0.366996 	1.860422 	0.000000 	
0.678636 	0.496981 	2.847546 	0.019431 	
0.920411 	0.471009 	4.855119 	0.000000 	
0.956819 	0.572127 	2.036001 	0.000000 	
0.997974 	0.366724 	2.716199 	0.000000 	
0.580365 	0.572188 	1.358290 	0.000000 	
0.847428 	0.690042 	3.909591 	0.000000 	
0.707919 	0.556344 	2.175364 	0.015474 	
0.759492 	0.491112 	4.756191 	0.016574 	
0.870706 	0.415793 	2.319375 	0.000000 	
0.828646 	0.506047 	2.544267 	0.018322 	
0.955110 	0.559807 	2.176241 	0.000000 	
0.899990 	0.435557 	2.089836 	0.037124 	
0.628421 	0.513206 	2.097061 	0.000000 	
0.690162 	0.681445 	4.734247 	0.023308 	
0.764464 	0.652650 	3.775640 	0.018154 	
0.693381 	0.417107 	3.540074 	0.000000 	
0.717949 	0.525881 	2.044251 	0.015704 	
0.702073 	0.539612 	2.727274 	0.015976 	
0.677016 	0.433103 	2.284250 	0.027529 	
0.714326 	0.708755 	3.439056 	0.000000 	
0.469071 	0.763468 	1.866397 	0.000000 	
1.021050 	0.571925 	3.437340 	0.000000 	
0.728174 	0.776799 	2.013739 	0.000000 	
0.923008 	0.589202 	1.820900 	0.000000 	
0.770379 	0.563809 	3.007450 	0.014732 	
0.755107 	0.498736 	1.826414 	0.016159 	
0.857274 	0.518264 	2.215808 	0.020635 	
0.738840 	0.402022 	1.446031 	0.000000 	
0.719753 	0.609946 	1.606500 	0.015852 	
0.838754 	0.440704 	2.170377 	0.024743 	
0.733539 	0.400965 	1.607713 	0.000000 	
0.737089 	0.438222 	1.862047 	0.021880 	
0.801162 	0.614475 	1.876971 	0.016842 	
0.852978 	0.452477 	2.124069 	0.024916 	
0.785636 	0.557492 	3.884617 	0.015065 	
0.904939 	0.279778 	1.468806 	0.000000 	
0.649671 	0.700498 	2.656127 	0.000000 	
0.806851 	0.498576 	2.195170 	0.017323 	
0.380197 	0.754220 	1.631996 	0.000000 	
0.583688 	0.730134 	3.849482 	0.000000 	
0.560064 	0.375687 	1.244826 	0.000000 	
0.819158 	0.623447 	3.536739 	0.018406 	
0.834018 	0.364686 	1.848268 	0.000000 	
0.941250 	0.486511 	2.128495 	0.000000 	
0.758153 	0.600930 	3.919721 	0.015172 	
0.670810 	0.621119 	2.257195 	0.019022 	
0.645558 	0.546779 	1.764011 	0.020580 	
0.877343 	0.567215 	2.253648 	0.022959 	
0.893370 	0.600559 	3.758950 	0.027271 	
0.696790 	0.805372 	2.024761 	0.000000 	
0.674060 	0.474861 	2.421877 	0.021815 	
0.644877 	0.339809 	2.437748 	0.000000 	
0.566229 	0.468871 	3.980586 	0.000000 	
0.636188 	0.762351 	4.172897 	0.000000 	
0.645991 	0.200701 	1.125802 	0.000000 	
0.770404 	0.315469 	1.799201 	0.000000 	
0.758749 	0.321369 	3.433482 	0.000000 	
0.972978 	0.579375 	4.126325 	0.000000 	
0.703151 	0.446804 	1.682913 	0.022546 	
0.900584 	0.394305 	1.473535 	0.000000 	
0.649118 	0.500667 	3.574944 	0.022503 	
0.764377 	0.319560 	1.524591 	0.000000 	
0.529143 	0.518399 	2.742361 	0.000000 	
0.850349 	0.532485 	2.619119 	0.019446 	
0.851664 	0.435987 	2.425953 	0.026989 	
0.836919 	0.539340 	3.158790 	0.018024 	
0.776674 	0.581906 	2.689445 	0.015004 	
0.720031 	0.671167 	2.179273 	0.020350 	
0.468856 	0.533677 	1.491362 	0.000000 	
0.710538 	0.415136 	2.567414 	0.000000 	
0.705648 	0.456262 	1.834884 	0.021150 	
0.744636 	0.378045 	1.373479 	0.000000 	
0.735188 	0.643602 	3.054943 	0.017389 	
0.866519 	0.626545 	4.383549 	0.023942 	
1.002771 	0.212701 	1.602534 	0.000000 	
0.494896 	0.728886 	1.914697 	0.000000 	
0.721848 	0.759419 	2.379459 	0.000000 	
0.586862 	0.355940 	1.502308 	0.000000 	
0.753185 	0.524709 	1.589419 	0.015133 	
0.735273 	0.095738 	1.095133 	0.000000 	
0.828243 	0.530214 	2.834246 	0.017497 	
0.788139 	0.564364 	2.247267 	0.015142 	
0.728275 	0.381021 	1.770764 	0.000000 	
0.793600 	0.378289 	2.529459 	0.000000 	
0.654907 	0.608894 	1.593988 	0.019998 	
0.775243 	0.488425 	1.811885 	0.016866 	
0.819464 	0.478905 	1.497963 	0.019235 	
0.907878 	0.584741 	2.153443 	0.000000 	
0.844064 	0.433371 	3.574529 	0.026416 	
0.738087 	0.552894 	2.177290 	0.014723 	
0.617405 	0.603914 	2.064957 	0.000000 	
0.583634 	0.586996 	2.189468 	0.000000 	
0.728366 	0.539609 	2.249951 	0.017660 	
0.972236 	0.456506 	2.869802 	0.000000 	
0.794742 	0.400833 	2.677240 	0.000000 	
0.715776 	0.455076 	1.501213 	0.021928 	
0.477685 	0.531534 	2.843487 	0.000000 	
0.754990 	0.518862 	1.684801 	0.016902 	
0.882562 	0.462461 	2.043090 	0.025342 	
0.859789 	0.578201 	1.989760 	0.021984 	
0.626254 	0.698365 	2.022358 	0.000000 	
0.905583 	0.423254 	1.755933 	0.000000 	
0.824663 	0.605446 	2.761938 	0.021439 	
0.643209 	0.412023 	1.959483 	0.000000 	
0.799011 	0.320733 	1.395196 	0.000000 	
0.961305 	0.609468 	2.848720 	0.000000 	
0.624649 	0.575588 	2.539094 	0.000000 	
0.776404 	0.658889 	2.521895 	0.027510 	
0.734107 	0.616373 	1.942957 	0.021538 	
0.813150 	0.591369 	2.436309 	0.019587 	
0.873420 	0.515709 	2.796188 	0.021565 	
0.629651 	0.292251 	1.220444 	0.000000 	
0.785426 	0.286362 	1.267705 	0.000000 	
0.687889 	0.624600 	2.506692 	0.025926 	
0.693664 	0.626468 	2.630822 	0.025558 	
0.682787 	0.518468 	1.573305 	0.020924 	
0.731921 	0.617558 	1.514319 	0.021757 	
0.932630 	0.409251 	2.017846 	0.000000 	
0.757866 	0.372024 	1.226044 	0.000000 	
0.836941 	0.195701 	1.258427 	0.000000 	
0.778443 	0.559752 	2.124382 	0.017139 	
0.588184 	0.639455 	1.877748 	0.000000 	
0.870323 	0.527587 	2.721458 	0.021192 	
0.846336 	0.307577 	1.609493 	0.000000 	
0.755124 	0.747183 	2.790992 	0.000000 	
0.799248 	0.368619 	2.290187 	0.000000 	
0.704149 	0.483585 	2.057231 	0.020414 	
0.857886 	0.336844 	1.738755 	0.000000 	
0.673593 	0.528459 	2.420656 	0.021808 	
0.769957 	0.467233 	2.096131 	0.018811 	
0.579103 	0.532261 	1.638944 	0.000000 	
0.811429 	0.481965 	1.634809 	0.018361 	
0.803853 	0.634344 	2.724925 	0.023951 	
0.798622 	0.599370 	2.134996 	0.019693 	
0.633810 	0.587911 	2.294906 	0.030743 	
0.847026 	0.555933 	2.728592 	0.019642 	
0.609588 	0.398340 	2.145764 	0.000000 	
0.680864 	0.380673 	1.431438 	0.000000 	
0.623559 	0.709834 	2.205377 	0.000000 	
0.753566 	0.414076 	1.914089 	0.000000 	
0.687706 	0.470262 	2.088932 	0.022910 	
0.826845 	0.577571 	2.654894 	0.019340 	
0.687664 	0.325819 	2.604956 	0.000000 	
0.742609 	0.416741 	2.214273 	0.000000 	
0.884063 	0.391491 	2.857100 	0.000000 	
0.959820 	0.407673 	1.816338 	0.000000 	
0.884842 	0.584934 	2.338748 	0.025823 	
0.743326 	0.655523 	2.713023 	0.027047 	
0.655784 	0.436919 	1.312192 	0.032321 	
0.601402 	0.738521 	1.664149 	0.000000 	
0.773883 	0.577282 	2.287486 	0.017845 	
0.975757 	0.420072 	2.652080 	0.000000 	
0.574202 	0.545572 	1.389594 	0.000000 	
0.624456 	0.528316 	2.890690 	0.000000 	
0.721434 	0.462507 	1.815302 	0.020825 	
0.862748 	0.421840 	2.103642 	0.028338 	
0.678208 	0.690741 	2.375498 	0.000000 	
0.652907 	0.558767 	2.409040 	0.025116 	
0.730619 	0.744445 	2.099753 	0.000000 	
0.438736 	0.806016 	1.930419 	0.000000 	
0.488123 	0.807080 	1.798088 	0.000000 	
0.940150 	0.425604 	2.085493 	0.000000 	
0.728515 	0.547573 	2.189179 	0.017756 	
0.731328 	0.607960 	2.478599 	0.020807 	
0.796852 	0.315474 	1.721195 	0.000000 	
0.912385 	0.479563 	2.184655 	0.000000 	
0.608424 	0.486433 	1.656393 	0.000000 	
0.766460 	0.545785 	1.732444 	0.016820 	
0.698403 	0.681685 	1.521746 	0.037065 	
0.581655 	0.473091 	1.555507 	0.000000 	
0.571665 	0.451607 	1.613308 	0.000000 	
0.625037 	0.363461 	1.791520 	0.000000 	
0.938256 	0.226059 	1.492555 	0.000000 	
0.785360 	0.506724 	2.941239 	0.016952 	
0.819999 	0.402411 	1.626062 	0.000000 	
1.019480 	0.474847 	2.261142 	0.000000 	
0.419748 	0.488034 	1.913263 	0.000000 	
0.813202 	0.429179 	1.872617 	0.023412 	
0.737896 	0.448513 	1.870209 	0.021371 	
0.801833 	0.356935 	1.571475 	0.000000 	
0.654806 	0.465832 	1.358167 	0.028000 	
0.695173 	0.389327 	1.964633 	0.000000 	
0.794574 	0.554746 	1.902347 	0.017183 	
0.871576 	0.590122 	1.805472 	0.024383 	
0.754638 	0.492626 	2.319547 	0.017593 	
0.579911 	0.414527 	2.479080 	0.000000 	
0.670435 	0.385580 	1.394026 	0.000000 	
0.800332 	0.566625 	2.120316 	0.017719 	
1.028865 	0.528738 	2.580191 	0.000000 	
0.793964 	0.721274 	2.158874 	0.000000 	
0.661454 	0.444330 	2.209578 	0.023764 	
0.687414 	0.553489 	2.282049 	0.015374 	
0.700081 	0.465088 	1.796557 	0.017957 	
0.577515 	0.599064 	2.222876 	0.000000 	
0.750488 	0.639037 	2.452535 	0.016416 	
0.730113 	0.569890 	1.677071 	0.013620 	
0.779288 	0.524770 	2.207253 	0.013541 	
0.797152 	0.473865 	1.650994 	0.016341 	
0.889049 	0.561056 	2.327640 	0.020872 	
0.836456 	0.458203 	1.657093 	0.020054 	
0.778707 	0.460096 	1.511309 	0.017006 	
0.963725 	0.478158 	2.211879 	0.000000 	
0.665041 	0.437360 	1.904425 	0.024342 	
0.547530 	0.512497 	1.630545 	0.000000 	
0.729255 	0.727507 	1.843412 	0.000000 	
0.601077 	0.322651 	1.148061 	0.000000 	
0.603662 	0.464025 	1.561110 	0.000000 	
0.692533 	0.386553 	2.044827 	0.000000 	
0.515914 	0.375677 	1.308641 	0.000000 	
0.493867 	0.508892 	1.431421 	0.000000 	
0.804493 	0.401860 	2.076496 	0.000000 	
0.701118 	0.265482 	1.425125 	0.000000 	
0.728258 	0.480090 	1.464079 	0.015669 	
0.890698 	0.408292 	1.858076 	0.000000 	
0.961092 	0.412593 	2.493621 	0.000000 	
0.837671 	0.297845 	1.728467 	0.000000 	
0.815156 	0.446322 	1.602201 	0.019919 	
0.764845 	0.401952 	1.388225 	0.000000 	
0.668425 	0.420863 	1.556207 	0.026842 	
0.701662 	0.516149 	2.372944 	0.015033 	
0.749520 	0.602493 	1.857460 	0.014164 	
0.807280 	0.578488 	2.048006 	0.014171 	
0.884978 	0.383954 	1.900686 	0.000000 	
0.669808 	0.655740 	1.790976 	0.023063 	
0.817592 	0.430780 	1.782921 	0.022316 	
0.645322 	0.438505 	2.012571 	0.027123 	
0.788516 	0.367467 	1.942035 	0.000000 	
0.622810 	0.517358 	1.371908 	0.000000 	
0.652569 	0.372071 	2.301949 	0.000000 	
0.738958 	0.498805 	1.909488 	0.014437 	
0.676216 	0.472666 	1.770988 	0.019059 	
0.590651 	0.474448 	1.690615 	0.000000 	
0.460767 	0.406159 	1.276729 	0.000000 	
0.457796 	0.589962 	1.340822 	0.000000 	
0.889469 	0.423903 	2.230580 	0.034152 	
0.805574 	0.584231 	2.281017 	0.014250 	
0.788356 	0.292365 	1.526425 	0.000000 	
0.772585 	0.337515 	1.502564 	0.000000 	
0.708434 	0.434552 	1.893669 	0.020925 	
0.822803 	0.444886 	2.253255 	0.020616 	
0.617248 	0.500947 	1.407670 	0.000000 	
0.691947 	0.245954 	1.284435 	0.000000 	
0.716481 	0.427590 	1.943545 	0.021554 	
0.604443 	0.552577 	2.226460 	0.000000 	
0.796687 	0.341756 	1.410533 	0.000000 	
0.663741 	0.454428 	2.084729 	0.022165 	
0.704153 	0.421523 	1.938819 	0.023249 	
0.699943 	0.465430 	1.402499 	0.017935 	
0.894014 	0.395436 	1.666147 	0.000000 	
0.690977 	0.425547 	2.354046 	0.023541 	
0.796739 	0.377998 	2.417564 	0.000000 	
0.729307 	0.366727 	2.137576 	0.000000 	
1.005174 	0.553556 	2.402009 	0.000000 	
0.696249 	0.627176 	2.236034 	0.017515 	
0.765590 	0.452039 	2.483773 	0.017617 	
0.554230 	0.546727 	1.971428 	0.000000 	
0.915732 	0.434500 	1.898315 	0.000000 	
0.778283 	0.721115 	2.098997 	0.000000 	
0.692550 	0.422444 	2.346284 	0.023953 	
0.702396 	0.373084 	2.493632 	0.000000 	
0.663967 	0.400807 	1.532883 	0.000000 	
0.862893 	0.465722 	1.634881 	0.021956 	
0.696572 	0.685944 	1.608775 	0.000000 	
0.651782 	0.546801 	1.429497 	0.018624 	
0.490293 	0.534434 	1.712715 	0.000000 	
0.653545 	0.543247 	2.463758 	0.018424 	
0.844406 	0.441433 	2.273441 	0.023035 	
0.609622 	0.489295 	1.794453 	0.000000 	
0.720159 	0.440937 	1.752723 	0.019526 	
0.712398 	0.647034 	2.339429 	0.018313 	
0.688864 	0.333098 	1.352189 	0.000000 	
0.611945 	0.546049 	1.589574 	0.000000 	
0.928119 	0.502275 	2.416728 	0.000000 	
0.676319 	0.438567 	1.505127 	0.022860 	
0.754548 	0.619126 	2.041051 	0.014957 	
0.837415 	0.522862 	2.149317 	0.015828 	
0.821087 	0.302856 	1.541882 	0.000000 	
0.711858 	0.547326 	1.914763 	0.014088 	
0.559550 	0.784041 	2.015415 	0.000000 	
0.638722 	0.629996 	1.920338 	0.024631 	
0.621125 	0.812288 	2.077272 	0.000000 	
0.527150 	0.445058 	1.446042 	0.000000 	
0.776551 	0.524197 	2.289328 	0.013519 	
0.959446 	0.377940 	1.683714 	0.000000 	
0.698787 	0.427975 	1.436797 	0.022528 	
0.816333 	0.463139 	2.226975 	0.018124 	
0.652659 	0.672480 	1.797415 	0.028641 	
0.569942 	0.477797 	1.673753 	0.000000 	
0.646683 	0.535250 	2.066893 	0.019344 	
0.698654 	0.477709 	1.612585 	0.017048 	
