param#0 	 param#1 	 dist 	  wgt 
1.288954 	0.133163 	0.943922 	0.010000 	
1.365235 	0.181773 	4.825300 	0.010000 	
1.233269 	0.179235 	1.700085 	0.010000 	
1.091786 	0.151387 	1.288854 	0.010000 	
1.161802 	0.132981 	1.316628 	0.010000 	
1.098465 	0.190571 	1.623415 	0.010000 	
1.095662 	0.192773 	1.448782 	0.010000 	
1.265262 	0.176582 	10.407397 	0.010000 	
1.161635 	0.148290 	1.453067 	0.010000 	
1.245375 	0.140119 	3.125268 	0.010000 	
1.410993 	0.134451 	2.019740 	0.010000 	
1.059811 	0.173465 	1.475478 	0.010000 	
1.162317 	0.157442 	1.517179 	0.010000 	
1.105109 	0.139990 	1.318423 	0.010000 	
1.451745 	0.169544 	0.931462 	0.010000 	
1.235150 	0.139524 	1.119222 	0.010000 	
1.237869 	0.192307 	1.321000 	0.010000 	
1.448282 	0.161493 	1.020041 	0.010000 	
1.127293 	0.136795 	1.513034 	0.010000 	
1.422697 	0.144857 	0.822892 	0.010000 	
1.286956 	0.158243 	2.125672 	0.010000 	
1.441915 	0.180994 	1.203120 	0.010000 	
1.334188 	0.191409 	3.337146 	0.010000 	
1.064603 	0.152980 	5.306023 	0.010000 	
1.422218 	0.194360 	2.006671 	0.010000 	
1.212884 	0.176710 	7.054947 	0.010000 	
1.398599 	0.171987 	1.475251 	0.010000 	
1.336274 	0.131846 	1.437116 	0.010000 	
1.395515 	0.146290 	6.775671 	0.010000 	
1.388517 	0.134390 	0.819794 	0.010000 	
1.409018 	0.166915 	1.530462 	0.010000 	
1.317354 	0.152631 	2.216992 	0.010000 	
1.111459 	0.139288 	1.424019 	0.010000 	
1.251384 	0.180698 	1.245249 	0.010000 	
1.052794 	0.189670 	1.459440 	0.010000 	
1.413460 	0.130032 	0.858091 	0.010000 	
1.453049 	0.158516 	0.977964 	0.010000 	
1.359036 	0.169774 	2.196901 	0.010000 	
1.271266 	0.157236 	1.158018 	0.010000 	
1.256378 	0.132089 	1.811001 	0.010000 	
1.184762 	0.192178 	1.370078 	0.010000 	
1.083614 	0.120660 	1.525631 	0.010000 	
1.298406 	0.176211 	8.958252 	0.010000 	
1.221364 	0.146140 	1.115611 	0.010000 	
1.374823 	0.181015 	2.437623 	0.010000 	
1.236363 	0.181482 	3.913589 	0.010000 	
1.131356 	0.176488 	1.452159 	0.010000 	
1.233449 	0.144456 	1.893885 	0.010000 	
1.331186 	0.128881 	3.341415 	0.010000 	
1.443861 	0.164861 	1.257820 	0.010000 	
1.054732 	0.141253 	1.522545 	0.010000 	
1.411842 	0.165083 	1.791652 	0.010000 	
1.074779 	0.155074 	1.460342 	0.010000 	
1.158822 	0.123502 	1.246777 	0.010000 	
1.383494 	0.174438 	2.517937 	0.010000 	
1.158763 	0.162003 	1.385971 	0.010000 	
1.247437 	0.170169 	1.225154 	0.010000 	
1.248799 	0.193692 	8.551518 	0.010000 	
1.241459 	0.175474 	1.567290 	0.010000 	
1.260886 	0.131704 	1.264513 	0.010000 	
1.151063 	0.154782 	1.304359 	0.010000 	
1.233133 	0.120856 	1.436617 	0.010000 	
1.081456 	0.155716 	1.526645 	0.010000 	
1.268184 	0.133741 	2.474474 	0.010000 	
1.289827 	0.177051 	1.332544 	0.010000 	
1.227351 	0.159614 	1.120343 	0.010000 	
1.104284 	0.171642 	1.430317 	0.010000 	
1.450446 	0.122982 	0.729267 	0.010000 	
1.443279 	0.184004 	1.461133 	0.010000 	
1.260931 	0.168272 	1.374168 	0.010000 	
1.457659 	0.143373 	1.727718 	0.010000 	
1.325798 	0.156503 	1.772659 	0.010000 	
1.152751 	0.146080 	2.317489 	0.010000 	
1.073612 	0.131127 	1.383235 	0.010000 	
1.253328 	0.132585 	1.529446 	0.010000 	
1.305447 	0.149116 	6.485665 	0.010000 	
1.458832 	0.122872 	1.059942 	0.010000 	
1.027928 	0.144599 	1.455443 	0.010000 	
1.195580 	0.153523 	1.929167 	0.010000 	
1.345317 	0.174891 	1.174600 	0.010000 	
1.217008 	0.174509 	1.858134 	0.010000 	
1.106001 	0.125597 	1.295171 	0.010000 	
1.246338 	0.153184 	4.451116 	0.010000 	
1.179047 	0.162741 	2.705173 	0.010000 	
1.201001 	0.120317 	1.051794 	0.010000 	
1.056519 	0.149351 	1.540367 	0.010000 	
1.260779 	0.130414 	1.055225 	0.010000 	
1.207452 	0.186330 	1.282464 	0.010000 	
1.305792 	0.126566 	2.051625 	0.010000 	
1.394147 	0.160597 	5.622405 	0.010000 	
1.047499 	0.165240 	1.563131 	0.010000 	
1.086953 	0.153523 	1.492486 	0.010000 	
1.210094 	0.140459 	1.970159 	0.010000 	
1.389275 	0.185083 	19.324005 	0.010000 	
1.117111 	0.169426 	1.461552 	0.010000 	
1.445870 	0.137209 	0.813298 	0.010000 	
1.172072 	0.174102 	1.315457 	0.010000 	
1.414391 	0.141487 	1.225472 	0.010000 	
1.293779 	0.152923 	1.055248 	0.010000 	
1.367793 	0.163066 	1.937003 	0.010000 	
0.784550 	0.164588 	1.678148 	0.000000 	
1.225679 	0.074808 	1.651447 	0.000000 	
1.433875 	0.159930 	0.795312 	0.016834 	
1.279654 	0.081649 	0.871661 	0.000000 	
1.205956 	0.160733 	1.334916 	0.012493 	
1.404262 	0.170371 	1.176164 	0.016138 	
1.250236 	0.151031 	0.935620 	0.012290 	
1.058354 	0.171056 	1.522061 	0.019305 	
1.008754 	0.125325 	1.512272 	0.000000 	
0.999005 	0.093228 	1.459013 	0.000000 	
1.239666 	0.138344 	1.310803 	0.013698 	
0.964097 	0.184495 	1.556291 	0.000000 	
1.330623 	0.217073 	1.861692 	0.000000 	
1.182995 	0.155299 	1.192257 	0.012746 	
1.176341 	0.158762 	1.322561 	0.012892 	
1.287951 	0.138943 	1.014615 	0.013777 	
1.446638 	0.130808 	0.691791 	0.022649 	
1.188748 	0.146018 	2.437124 	0.013129 	
1.225696 	0.107172 	2.317536 	0.000000 	
1.203277 	0.133198 	1.323372 	0.015081 	
1.217620 	0.168043 	1.641131 	0.012883 	
1.513151 	0.148414 	0.908325 	0.000000 	
1.499370 	0.189964 	1.047243 	0.000000 	
1.264784 	0.190336 	1.121981 	0.018155 	
1.201022 	0.217887 	2.319976 	0.000000 	
1.536819 	0.115881 	1.829946 	0.000000 	
1.103462 	0.135214 	1.405622 	0.017656 	
1.231678 	0.163542 	1.203982 	0.012410 	
1.437426 	0.182563 	1.063322 	0.021244 	
1.113954 	0.107224 	1.315851 	0.000000 	
1.366296 	0.187332 	1.218645 	0.018990 	
1.278937 	0.168575 	1.143133 	0.012830 	
1.062499 	0.113705 	1.291631 	0.000000 	
1.437556 	0.161910 	1.939712 	0.017141 	
1.244351 	0.128766 	1.624673 	0.016046 	
0.614634 	0.177668 	1.717862 	0.000000 	
1.393478 	0.122207 	0.715614 	0.022886 	
1.035746 	0.195066 	2.067659 	0.000000 	
1.366601 	0.179797 	1.749517 	0.016479 	
1.489288 	0.177552 	2.313896 	0.000000 	
1.349776 	0.154711 	1.345921 	0.013353 	
1.224504 	0.178784 	1.495608 	0.014569 	
1.202297 	0.178050 	1.385367 	0.014686 	
1.119883 	0.158299 	1.421560 	0.014487 	
1.441977 	0.184982 	2.047597 	0.022622 	
1.197325 	0.125281 	1.197470 	0.017741 	
1.364804 	0.175722 	1.042296 	0.015471 	
1.371158 	0.102113 	2.388509 	0.000000 	
1.420967 	0.153661 	0.903344 	0.016144 	
1.269930 	0.154380 	2.201309 	0.012213 	
0.943035 	0.154453 	1.659723 	0.000000 	
0.850829 	0.173888 	1.644870 	0.000000 	
1.298827 	0.149557 	1.202315 	0.012648 	
0.982562 	0.142433 	1.559175 	0.000000 	
1.458670 	0.187706 	1.738250 	0.025589 	
1.180840 	0.189032 	1.399113 	0.018713 	
0.943790 	0.148578 	1.429917 	0.000000 	
1.141419 	0.228122 	1.393363 	0.000000 	
1.188792 	0.142324 	1.210210 	0.013554 	
1.197148 	0.099361 	1.163762 	0.000000 	
1.121737 	0.155219 	1.593025 	0.014390 	
1.038740 	0.213060 	1.688848 	0.000000 	
1.108012 	0.131884 	1.364704 	0.018403 	
1.065110 	0.156296 	1.623393 	0.017253 	
0.817821 	0.143541 	1.923541 	0.000000 	
1.415222 	0.174756 	0.784756 	0.017491 	
1.349697 	0.176843 	1.522098 	0.015240 	
1.228474 	0.142964 	1.380192 	0.013044 	
1.053582 	0.176519 	1.526248 	0.021143 	
1.267019 	0.142985 	1.120406 	0.013019 	
1.270186 	0.144048 	2.444409 	0.012905 	
1.127924 	0.167752 	1.489081 	0.014879 	
1.141492 	0.125571 	1.434819 	0.019233 	
1.121835 	0.173722 	1.433312 	0.016095 	
1.117761 	0.086387 	1.296737 	0.000000 	
0.926483 	0.159735 	1.583985 	0.000000 	
1.203847 	0.110069 	1.660109 	0.000000 	
0.869941 	0.173637 	1.624672 	0.000000 	
1.077941 	0.169636 	1.556664 	0.017647 	
1.325083 	0.172719 	1.155947 	0.013920 	
1.526482 	0.183739 	2.444200 	0.000000 	
1.480990 	0.148540 	0.851089 	0.000000 	
1.431104 	0.145254 	1.510642 	0.017531 	
1.281285 	0.134003 	1.718038 	0.014732 	
1.257282 	0.179350 	2.451648 	0.014542 	
1.093410 	0.123964 	1.537492 	0.022665 	
1.189334 	0.199181 	1.315422 	0.000000 	
1.367899 	0.137228 	1.221654 	0.015930 	
1.402169 	0.139014 	0.910536 	0.017035 	
1.037493 	0.171458 	2.008780 	0.021197 	
1.209676 	0.157137 	1.427892 	0.012374 	
1.523644 	0.202498 	1.950035 	0.000000 	
0.835087 	0.153949 	1.610764 	0.000000 	
1.153755 	0.081495 	1.590870 	0.000000 	
1.408938 	0.135059 	1.112799 	0.018408 	
1.036125 	0.142870 	1.509193 	0.020590 	
1.041981 	0.139510 	1.507688 	0.020793 	
1.387766 	0.201382 	1.645392 	0.000000 	
1.273404 	0.098706 	1.647635 	0.000000 	
1.173435 	0.078591 	1.003250 	0.000000 	
