param#0 	 param#1 	 dist 	  wgt 
1.255627 	0.136369 	0.891010 	0.010000 	
1.266181 	0.194254 	1.005600 	0.010000 	
1.251028 	0.176104 	4.442278 	0.010000 	
1.092773 	0.172646 	1.080769 	0.010000 	
1.255007 	0.193686 	1.596132 	0.010000 	
1.203189 	0.144836 	1.952011 	0.010000 	
1.268805 	0.168012 	1.321746 	0.010000 	
1.175536 	0.191833 	6.960281 	0.010000 	
1.048017 	0.139696 	1.219824 	0.010000 	
1.370013 	0.157487 	1.609542 	0.010000 	
0.974762 	0.139663 	1.304323 	0.010000 	
1.146769 	0.133661 	1.012330 	0.010000 	
1.220491 	0.140541 	1.668350 	0.010000 	
1.088300 	0.151966 	1.183039 	0.010000 	
1.032425 	0.153544 	1.164979 	0.010000 	
1.345534 	0.185834 	1.670056 	0.010000 	
1.148433 	0.158656 	1.269302 	0.010000 	
1.025841 	0.185168 	1.307428 	0.010000 	
1.087008 	0.143484 	2.084550 	0.010000 	
1.212736 	0.159359 	1.244807 	0.010000 	
1.149521 	0.193999 	1.282364 	0.010000 	
1.196014 	0.159246 	0.890013 	0.010000 	
1.304863 	0.122938 	1.576059 	0.010000 	
0.982121 	0.193197 	1.277332 	0.010000 	
0.964120 	0.153090 	1.090713 	0.010000 	
1.226921 	0.156288 	3.142737 	0.010000 	
1.334190 	0.127166 	0.560656 	0.010000 	
1.356846 	0.194947 	2.083612 	0.010000 	
1.023236 	0.155989 	1.478902 	0.010000 	
1.331626 	0.170139 	0.943586 	0.010000 	
0.970770 	0.182135 	1.450787 	0.010000 	
1.175123 	0.163214 	1.304378 	0.010000 	
1.241054 	0.128250 	0.943883 	0.010000 	
1.165130 	0.136112 	0.885518 	0.010000 	
1.217452 	0.177035 	3.730036 	0.010000 	
1.263663 	0.132909 	1.306822 	0.010000 	
1.077034 	0.147270 	1.860151 	0.010000 	
1.141382 	0.164190 	1.149421 	0.010000 	
1.226209 	0.146966 	0.785498 	0.010000 	
1.305807 	0.129592 	1.695216 	0.010000 	
1.045097 	0.172994 	1.318135 	0.010000 	
1.036947 	0.178738 	2.091395 	0.010000 	
1.282190 	0.182048 	1.319767 	0.010000 	
1.141491 	0.124337 	24.144378 	0.010000 	
1.257284 	0.129555 	0.874716 	0.010000 	
1.111173 	0.135982 	1.002352 	0.010000 	
1.041014 	0.134528 	1.066411 	0.010000 	
1.281887 	0.143180 	2.689197 	0.010000 	
1.338000 	0.181923 	1.633965 	0.010000 	
1.307031 	0.120344 	0.689485 	0.010000 	
1.221138 	0.144488 	0.861595 	0.010000 	
1.208578 	0.177403 	6.547792 	0.010000 	
1.058395 	0.158133 	1.260583 	0.010000 	
1.322928 	0.156910 	3.101398 	0.010000 	
1.180340 	0.167760 	1.584884 	0.010000 	
1.036096 	0.162955 	1.422868 	0.010000 	
1.099707 	0.136220 	1.019312 	0.010000 	
1.185108 	0.124597 	1.289909 	0.010000 	
1.120708 	0.159022 	1.055030 	0.010000 	
1.254649 	0.175049 	2.527739 	0.010000 	
1.033385 	0.157621 	1.220127 	0.010000 	
1.190584 	0.190747 	0.915139 	0.010000 	
1.026866 	0.166407 	48.300675 	0.010000 	
1.020764 	0.129230 	16.633463 	0.010000 	
0.977974 	0.154552 	1.383808 	0.010000 	
1.168803 	0.153658 	1.044613 	0.010000 	
0.976788 	0.154521 	1.209669 	0.010000 	
1.094462 	0.131166 	3.404827 	0.010000 	
1.171988 	0.181703 	1.257098 	0.010000 	
1.040954 	0.194441 	20.900765 	0.010000 	
1.322828 	0.132122 	0.838451 	0.010000 	
1.057060 	0.156331 	1.308104 	0.010000 	
1.318565 	0.121513 	2.007874 	0.010000 	
1.056266 	0.158156 	7.385523 	0.010000 	
1.333227 	0.177485 	1.329229 	0.010000 	
1.277723 	0.165998 	0.911991 	0.010000 	
1.148308 	0.149813 	1.734986 	0.010000 	
1.143045 	0.123160 	1.027523 	0.010000 	
1.351148 	0.127242 	0.725003 	0.010000 	
1.174396 	0.142133 	0.921841 	0.010000 	
1.320232 	0.167562 	1.390145 	0.010000 	
1.278335 	0.138635 	0.690780 	0.010000 	
1.288709 	0.141515 	3.878349 	0.010000 	
1.375002 	0.142132 	1.280822 	0.010000 	
1.054382 	0.164588 	2.232339 	0.010000 	
1.143722 	0.193559 	22.482434 	0.010000 	
1.114919 	0.123375 	0.802858 	0.010000 	
1.192195 	0.154695 	2.800888 	0.010000 	
1.282423 	0.168163 	1.253919 	0.010000 	
1.053666 	0.161384 	1.765257 	0.010000 	
1.091668 	0.124171 	0.997909 	0.010000 	
1.302573 	0.146255 	1.607372 	0.010000 	
1.021299 	0.135779 	1.143778 	0.010000 	
1.290345 	0.130597 	0.642512 	0.010000 	
1.300698 	0.188030 	1.005750 	0.010000 	
1.084480 	0.150660 	1.911293 	0.010000 	
1.283741 	0.158593 	0.854258 	0.010000 	
1.350267 	0.134712 	0.748864 	0.010000 	
1.071158 	0.175134 	1.185043 	0.010000 	
1.367501 	0.172123 	1.319566 	0.010000 	
0.900537 	0.189302 	1.491793 	0.000000 	
1.053530 	0.189464 	1.381732 	0.030590 	
1.424324 	0.123328 	1.339000 	0.000000 	
1.036910 	0.110598 	1.187825 	0.000000 	
1.321830 	0.165018 	1.317591 	0.022580 	
1.133579 	0.121647 	0.857355 	0.025543 	
1.406946 	0.196981 	1.401172 	0.000000 	
1.102346 	0.116975 	0.994352 	0.000000 	
1.457429 	0.196289 	2.220270 	0.000000 	
1.256182 	0.207140 	1.429537 	0.000000 	
1.475313 	0.185527 	1.716986 	0.000000 	
1.247178 	0.135561 	1.955028 	0.020236 	
1.291997 	0.200964 	0.984916 	0.000000 	
1.339445 	0.120122 	0.830338 	0.033876 	
1.266677 	0.131354 	0.851347 	0.022216 	
1.063229 	0.072651 	0.917323 	0.000000 	
1.202909 	0.218539 	1.523048 	0.000000 	
1.085583 	0.143671 	1.468743 	0.019379 	
1.372161 	0.209650 	1.363592 	0.000000 	
1.395207 	0.122985 	0.523332 	0.000000 	
0.998836 	0.236662 	1.282034 	0.000000 	
1.422220 	0.150537 	0.975069 	0.000000 	
0.803648 	0.178527 	1.603316 	0.000000 	
1.198458 	0.072234 	0.659990 	0.000000 	
1.053968 	0.191570 	1.576875 	0.032219 	
1.130936 	0.181769 	1.194955 	0.022466 	
1.243374 	0.143668 	0.727546 	0.018583 	
1.454869 	0.194984 	1.630189 	0.000000 	
1.337456 	0.182112 	1.719940 	0.029510 	
1.201691 	0.141015 	1.261115 	0.018196 	
0.591096 	0.185974 	1.675183 	0.000000 	
1.351748 	0.159673 	1.341749 	0.024534 	
1.195747 	0.159137 	1.816591 	0.017246 	
1.136528 	0.141890 	0.958864 	0.018264 	
1.143686 	0.135284 	2.485886 	0.019554 	
0.912287 	0.168439 	1.345510 	0.000000 	
0.880400 	0.157850 	1.343244 	0.000000 	
1.170978 	0.125186 	1.335897 	0.022963 	
0.954571 	0.151359 	1.150700 	0.000000 	
1.219905 	0.180170 	1.028038 	0.021794 	
1.264077 	0.084730 	0.730006 	0.000000 	
1.045674 	0.194494 	2.276263 	0.035690 	
1.086357 	0.088335 	1.156507 	0.000000 	
0.976603 	0.158994 	1.476170 	0.026554 	
1.153621 	0.116399 	0.985108 	0.000000 	
0.931138 	0.180389 	1.185607 	0.000000 	
0.983698 	0.158224 	1.179509 	0.025679 	
1.195078 	0.204776 	0.949924 	0.000000 	
1.184972 	0.186331 	0.888507 	0.024088 	
1.244478 	0.155784 	0.892622 	0.017980 	
1.053704 	0.146528 	1.148538 	0.020495 	
1.140985 	0.092521 	1.220787 	0.000000 	
1.096574 	0.106106 	1.291382 	0.000000 	
1.383242 	0.166422 	0.689031 	0.000000 	
1.264473 	0.171463 	1.033181 	0.020555 	
0.708442 	0.223178 	1.583192 	0.000000 	
1.364229 	0.133131 	0.508002 	0.029393 	
1.394369 	0.210517 	1.684247 	0.000000 	
1.075718 	0.170583 	1.288977 	0.020718 	
0.881073 	0.162583 	1.448369 	0.000000 	
1.044049 	0.198890 	1.973251 	0.000000 	
0.848073 	0.203199 	1.525023 	0.000000 	
1.242244 	0.232790 	1.393325 	0.000000 	
0.908710 	0.077864 	1.145210 	0.000000 	
1.079494 	0.150606 	1.060250 	0.018906 	
1.196880 	0.193232 	0.946180 	0.028504 	
1.248915 	0.149282 	1.194500 	0.018222 	
1.112518 	0.139440 	1.554691 	0.019242 	
1.230025 	0.156468 	0.749718 	0.017639 	
1.040981 	0.105578 	1.072952 	0.000000 	
1.057216 	0.190811 	1.102967 	0.031324 	
1.451889 	0.110042 	0.973427 	0.000000 	
1.013926 	0.213520 	1.385604 	0.000000 	
0.824434 	0.160778 	1.575018 	0.000000 	
1.054640 	0.212248 	1.097740 	0.000000 	
1.087723 	0.197254 	2.030855 	0.000000 	
1.244611 	0.115964 	0.902169 	0.000000 	
0.743444 	0.117593 	1.352214 	0.000000 	
1.026757 	0.153314 	2.007698 	0.021706 	
1.104317 	0.141516 	1.339902 	0.019081 	
1.377384 	0.164003 	0.711718 	0.000000 	
1.288004 	0.139480 	0.732730 	0.021033 	
0.911271 	0.199164 	1.339913 	0.000000 	
0.973214 	0.111692 	1.732028 	0.000000 	
1.210948 	0.198039 	1.075398 	0.000000 	
1.024136 	0.131893 	1.158679 	0.026646 	
1.165556 	0.129321 	1.713769 	0.021219 	
1.086722 	0.222607 	1.056730 	0.000000 	
1.389551 	0.183369 	1.492945 	0.000000 	
1.198528 	0.184699 	1.498001 	0.023375 	
1.056132 	0.117617 	2.262016 	0.000000 	
1.245487 	0.142398 	1.101233 	0.018819 	
1.052250 	0.213730 	2.087910 	0.000000 	
1.335716 	0.148099 	1.157827 	0.023034 	
1.043163 	0.190400 	1.442522 	0.032241 	
1.059389 	0.100494 	1.043661 	0.000000 	
1.215323 	0.165586 	0.803914 	0.018110 	
1.418275 	0.106279 	0.747300 	0.000000 	
1.401833 	0.166457 	1.312855 	0.000000 	
1.087486 	0.093376 	1.016178 	0.000000 	
