param#0 	 param#1 	 dist 	  wgt 
0.087704 	0.219200 	3.547949 	0.010000 	
0.082212 	0.238172 	3.554558 	0.010000 	
0.083678 	0.206407 	2.491510 	0.010000 	
0.082260 	0.179158 	2.871944 	0.010000 	
0.084623 	0.189783 	1.244356 	0.010000 	
0.085596 	0.199140 	3.324015 	0.010000 	
0.083577 	0.164840 	1.809853 	0.010000 	
0.088989 	0.247042 	5.512800 	0.010000 	
0.082725 	0.218937 	1.945958 	0.010000 	
0.081670 	0.167218 	1.302486 	0.010000 	
0.088016 	0.198112 	1.533237 	0.010000 	
0.088732 	0.255689 	3.255589 	0.010000 	
0.081984 	0.173485 	1.242693 	0.010000 	
0.088733 	0.209103 	3.189012 	0.010000 	
0.081345 	0.211261 	2.805120 	0.010000 	
0.086152 	0.181835 	1.566302 	0.010000 	
0.081455 	0.211632 	1.356673 	0.010000 	
0.087869 	0.200827 	1.247114 	0.010000 	
0.086536 	0.205108 	2.624095 	0.010000 	
0.083647 	0.259786 	5.363083 	0.010000 	
0.085614 	0.169651 	1.957752 	0.010000 	
0.087634 	0.227226 	4.430357 	0.010000 	
0.085537 	0.207584 	3.811554 	0.010000 	
0.082021 	0.211550 	2.311237 	0.010000 	
0.086691 	0.212712 	2.336902 	0.010000 	
0.080627 	0.252575 	4.825301 	0.010000 	
0.085893 	0.187232 	1.842039 	0.010000 	
0.083529 	0.165115 	1.355317 	0.010000 	
0.085909 	0.247040 	4.402208 	0.010000 	
0.088025 	0.181304 	1.359081 	0.010000 	
0.081912 	0.178180 	1.346910 	0.010000 	
0.088064 	0.237848 	3.837514 	0.010000 	
0.086288 	0.213421 	3.680086 	0.010000 	
0.087013 	0.213053 	2.257685 	0.010000 	
0.087792 	0.207317 	2.450962 	0.010000 	
0.084604 	0.174998 	1.814689 	0.010000 	
0.082397 	0.222446 	2.987132 	0.010000 	
0.085280 	0.242539 	3.622130 	0.010000 	
0.086164 	0.217630 	2.528560 	0.010000 	
0.082881 	0.199373 	1.945762 	0.010000 	
0.081840 	0.165419 	1.489731 	0.010000 	
0.089275 	0.201365 	1.838959 	0.010000 	
0.082144 	0.174972 	1.414500 	0.010000 	
0.087291 	0.227194 	2.562904 	0.010000 	
0.081262 	0.189439 	1.676421 	0.010000 	
0.086079 	0.191436 	2.034870 	0.010000 	
0.082036 	0.196848 	2.034965 	0.010000 	
0.088140 	0.249325 	3.603472 	0.010000 	
0.081336 	0.186011 	1.725428 	0.010000 	
0.083281 	0.192378 	2.206835 	0.010000 	
0.086082 	0.239589 	3.113935 	0.010000 	
0.088157 	0.181667 	1.782557 	0.010000 	
0.088843 	0.227679 	5.448985 	0.010000 	
0.088430 	0.244934 	3.252260 	0.010000 	
0.084867 	0.242724 	3.813636 	0.010000 	
0.083665 	0.248680 	2.566170 	0.010000 	
0.089307 	0.256790 	5.134308 	0.010000 	
0.084863 	0.187375 	1.703243 	0.010000 	
0.084633 	0.233318 	3.110690 	0.010000 	
0.081090 	0.180736 	1.308549 	0.010000 	
0.083464 	0.234099 	2.403027 	0.010000 	
0.088399 	0.223526 	3.586686 	0.010000 	
0.086583 	0.257777 	3.290330 	0.010000 	
0.085701 	0.249667 	3.910912 	0.010000 	
0.086228 	0.208178 	1.706138 	0.010000 	
0.084320 	0.224756 	4.134639 	0.010000 	
0.086460 	0.200074 	2.146741 	0.010000 	
0.089027 	0.178257 	1.744350 	0.010000 	
0.088463 	0.241568 	2.237375 	0.010000 	
0.088540 	0.188740 	1.906706 	0.010000 	
0.085883 	0.172211 	1.548550 	0.010000 	
0.082507 	0.187191 	1.769525 	0.010000 	
0.084968 	0.190048 	2.281878 	0.010000 	
0.082428 	0.256505 	3.605549 	0.010000 	
0.085943 	0.172377 	1.580175 	0.010000 	
0.087932 	0.219122 	3.713858 	0.010000 	
0.081108 	0.167022 	2.313880 	0.010000 	
0.083821 	0.244211 	4.388017 	0.010000 	
0.088355 	0.225143 	2.658713 	0.010000 	
0.082589 	0.246152 	2.265554 	0.010000 	
0.085957 	0.199022 	2.286237 	0.010000 	
0.085154 	0.177861 	1.693559 	0.010000 	
0.087278 	0.207802 	2.599975 	0.010000 	
0.088312 	0.228780 	3.049681 	0.010000 	
0.086936 	0.216543 	2.065940 	0.010000 	
0.087864 	0.252281 	2.472184 	0.010000 	
0.085401 	0.209028 	1.792961 	0.010000 	
0.086376 	0.210763 	2.517993 	0.010000 	
0.085096 	0.251391 	3.561084 	0.010000 	
0.086540 	0.241850 	4.298229 	0.010000 	
0.083828 	0.259586 	5.283323 	0.010000 	
0.087311 	0.162529 	1.657364 	0.010000 	
0.086345 	0.213609 	3.953477 	0.010000 	
0.087525 	0.206037 	2.355765 	0.010000 	
0.086375 	0.168876 	2.626507 	0.010000 	
0.083565 	0.207671 	2.369546 	0.010000 	
0.081930 	0.229994 	2.278299 	0.010000 	
0.085634 	0.196849 	2.086481 	0.010000 	
0.084718 	0.203267 	4.366900 	0.010000 	
0.082465 	0.219488 	2.225384 	0.010000 	
0.088791 	0.163220 	1.786502 	0.030466 	
0.083849 	0.130106 	1.084215 	0.000000 	
0.085833 	0.235995 	3.114409 	0.015232 	
0.081391 	0.131362 	0.911213 	0.000000 	
0.091998 	0.269507 	3.501544 	0.000000 	
0.078490 	0.176816 	1.270669 	0.000000 	
0.086336 	0.259840 	3.383221 	0.022146 	
0.078871 	0.264691 	3.305697 	0.000000 	
0.085806 	0.218222 	3.144496 	0.013511 	
0.080956 	0.217284 	3.108744 	0.023459 	
0.084845 	0.200968 	1.790465 	0.013719 	
0.086635 	0.209793 	2.683173 	0.013740 	
0.086639 	0.218915 	2.127231 	0.013896 	
0.094602 	0.148461 	1.508404 	0.000000 	
0.082805 	0.219473 	3.431569 	0.016650 	
0.081709 	0.181132 	1.957198 	0.021940 	
0.088409 	0.228419 	2.900412 	0.017412 	
0.087605 	0.211836 	2.329270 	0.014885 	
0.082260 	0.200166 	2.604120 	0.017717 	
0.084135 	0.161006 	1.327306 	0.022606 	
0.085167 	0.210602 	3.162597 	0.013391 	
0.090449 	0.134332 	1.376225 	0.000000 	
0.091400 	0.132676 	1.269911 	0.000000 	
0.084911 	0.201178 	1.772872 	0.013681 	
0.083204 	0.281768 	2.744255 	0.000000 	
0.085099 	0.264714 	2.679378 	0.000000 	
0.079708 	0.203239 	1.961670 	0.000000 	
0.082756 	0.120991 	0.847753 	0.000000 	
0.087404 	0.179485 	2.309913 	0.018267 	
0.090187 	0.236497 	3.217543 	0.000000 	
0.083463 	0.080525 	0.581418 	0.000000 	
0.086024 	0.123306 	0.958225 	0.000000 	
0.079453 	0.202309 	2.064474 	0.000000 	
0.079828 	0.224307 	2.392506 	0.000000 	
0.087096 	0.223659 	2.205302 	0.014589 	
0.085949 	0.166741 	1.389608 	0.020104 	
0.079440 	0.196308 	1.944623 	0.000000 	
0.080647 	0.175176 	1.745328 	0.029252 	
0.079954 	0.183570 	1.301118 	0.000000 	
0.082572 	0.148124 	1.409402 	0.000000 	
0.080952 	0.248181 	3.353884 	0.032324 	
0.079550 	0.190275 	1.176320 	0.000000 	
0.081522 	0.130987 	0.904854 	0.000000 	
0.080405 	0.205489 	2.599834 	0.000000 	
0.088970 	0.152536 	1.335462 	0.000000 	
0.086692 	0.210723 	2.506782 	0.013779 	
0.077025 	0.246854 	2.925126 	0.000000 	
0.086172 	0.142678 	1.628261 	0.000000 	
0.089509 	0.172232 	1.513234 	0.029833 	
0.085082 	0.179136 	1.985059 	0.016290 	
0.091412 	0.092538 	0.863470 	0.000000 	
0.094630 	0.215918 	2.057017 	0.000000 	
0.080594 	0.178229 	1.681108 	0.028612 	
0.082931 	0.142232 	1.017844 	0.000000 	
0.084164 	0.160872 	1.295074 	0.022637 	
0.080922 	0.246216 	3.274571 	0.031570 	
0.079870 	0.139948 	1.292275 	0.000000 	
0.081749 	0.266458 	3.295916 	0.000000 	
0.088031 	0.226771 	1.838598 	0.016341 	
0.088778 	0.166867 	1.999405 	0.028131 	
0.084367 	0.271238 	2.757889 	0.000000 	
0.087518 	0.202036 	3.049808 	0.015074 	
0.086830 	0.169689 	1.600534 	0.020159 	
0.081221 	0.185184 	1.537184 	0.023267 	
0.086642 	0.153559 	1.730096 	0.000000 	
0.085139 	0.144078 	1.104713 	0.000000 	
0.081982 	0.154490 	1.429903 	0.000000 	
0.085530 	0.082945 	0.572821 	0.000000 	
0.083197 	0.206865 	2.633155 	0.015380 	
0.086508 	0.178591 	1.567747 	0.017068 	
0.084257 	0.167160 	1.401599 	0.019991 	
0.086766 	0.165849 	1.706590 	0.021555 	
0.083549 	0.107985 	0.808536 	0.000000 	
0.089547 	0.164481 	1.763925 	0.000000 	
0.085472 	0.106860 	0.824814 	0.000000 	
0.083030 	0.173205 	1.554098 	0.019941 	
0.083625 	0.228850 	2.225348 	0.015959 	
0.090126 	0.207354 	2.621611 	0.000000 	
0.081691 	0.144437 	1.270585 	0.000000 	
0.087715 	0.239773 	3.432182 	0.017621 	
0.083648 	0.174399 	2.336415 	0.018499 	
0.090442 	0.154059 	1.379093 	0.000000 	
0.081149 	0.232237 	2.197585 	0.025008 	
0.089194 	0.192580 	2.321115 	0.021043 	
0.080258 	0.122781 	0.832384 	0.000000 	
0.087189 	0.220000 	2.259555 	0.014479 	
0.085843 	0.196840 	2.493271 	0.013889 	
0.087687 	0.131279 	1.288153 	0.000000 	
0.083189 	0.171446 	1.550788 	0.020124 	
0.084484 	0.205389 	2.507024 	0.013783 	
0.076821 	0.232140 	2.732758 	0.000000 	
0.086062 	0.142497 	1.177336 	0.000000 	
0.088125 	0.168563 	2.289842 	0.024173 	
0.085124 	0.259976 	3.353792 	0.022321 	
0.092180 	0.219683 	2.087823 	0.000000 	
0.084988 	0.174789 	1.526712 	0.017311 	
0.093186 	0.229497 	3.330316 	0.000000 	
0.085986 	0.209648 	3.379839 	0.013395 	
0.089614 	0.189967 	2.638950 	0.000000 	
0.088372 	0.171684 	2.355462 	0.023777 	
0.078006 	0.077898 	0.602436 	0.000000 	
0.086827 	0.168585 	1.714106 	0.027948 	
0.085705 	0.187921 	1.792529 	0.024187 	
0.094872 	0.089038 	0.760725 	0.000000 	
0.088542 	0.186171 	2.135865 	0.029841 	
0.087688 	0.191086 	1.489701 	0.026908 	
0.078310 	0.122401 	0.891069 	0.000000 	
0.070422 	0.199373 	2.264071 	0.000000 	
0.082849 	0.190428 	2.169675 	0.026997 	
0.085271 	0.174519 	2.039372 	0.025621 	
0.078075 	0.209173 	1.781372 	0.000000 	
0.070478 	0.225852 	1.545349 	0.000000 	
0.087743 	0.149258 	1.126353 	0.000000 	
0.087678 	0.121790 	0.866494 	0.000000 	
0.078312 	0.209324 	1.609973 	0.000000 	
0.085033 	0.158293 	1.365615 	0.000000 	
0.074821 	0.190051 	2.196758 	0.000000 	
0.086842 	0.210441 	1.961514 	0.026623 	
0.088349 	0.210384 	2.522647 	0.030882 	
0.086161 	0.203670 	2.575864 	0.024849 	
0.084448 	0.268663 	2.196364 	0.000000 	
0.083537 	0.158676 	1.802803 	0.000000 	
0.081648 	0.161839 	1.428793 	0.038291 	
0.081352 	0.147831 	1.288075 	0.000000 	
0.083863 	0.228273 	2.417607 	0.030228 	
0.084644 	0.198962 	1.832668 	0.024295 	
0.088777 	0.197062 	2.170319 	0.030903 	
0.084599 	0.176813 	1.348485 	0.025536 	
0.078365 	0.251423 	2.496859 	0.000000 	
0.084073 	0.105879 	0.823519 	0.000000 	
0.077452 	0.135293 	0.828943 	0.000000 	
0.081915 	0.260802 	2.423353 	0.000000 	
0.090725 	0.125576 	1.068998 	0.000000 	
0.086224 	0.129562 	1.163933 	0.000000 	
0.084817 	0.177573 	1.616732 	0.025271 	
0.079078 	0.106865 	0.866363 	0.000000 	
0.095902 	0.102359 	0.890400 	0.000000 	
0.082405 	0.200666 	2.121722 	0.028268 	
0.079886 	0.162828 	1.239966 	0.000000 	
0.087894 	0.196306 	1.761895 	0.027584 	
0.083086 	0.205454 	2.295328 	0.026839 	
0.080271 	0.205796 	2.246889 	0.000000 	
0.085550 	0.205192 	2.392983 	0.024622 	
0.090422 	0.121210 	1.185891 	0.000000 	
0.082505 	0.147283 	1.789058 	0.000000 	
0.093271 	0.094427 	0.766297 	0.000000 	
0.082936 	0.134743 	1.169968 	0.000000 	
0.075554 	0.205650 	1.591462 	0.000000 	
0.093417 	0.193943 	2.570533 	0.000000 	
0.085021 	0.143935 	1.125390 	0.000000 	
0.080206 	0.124281 	0.998938 	0.000000 	
0.085079 	0.136469 	1.418130 	0.000000 	
0.091977 	0.241885 	2.148839 	0.000000 	
0.095207 	0.204821 	1.487850 	0.000000 	
0.084422 	0.209779 	2.544018 	0.025405 	
0.081640 	0.223083 	2.403270 	0.034925 	
0.081780 	0.134746 	0.982281 	0.000000 	
0.088033 	0.152733 	1.489147 	0.000000 	
0.078055 	0.152812 	1.301594 	0.000000 	
0.077503 	0.161521 	1.330854 	0.000000 	
0.084524 	0.186460 	2.011714 	0.024510 	
0.086539 	0.203873 	2.048650 	0.025291 	
0.088219 	0.193468 	1.511283 	0.028530 	
0.090067 	0.170104 	1.714843 	0.000000 	
0.082540 	0.205419 	2.259761 	0.028216 	
0.086887 	0.107689 	0.712243 	0.000000 	
0.093256 	0.165523 	2.178879 	0.000000 	
0.082307 	0.187406 	1.997271 	0.028774 	
0.086051 	0.210801 	2.310764 	0.025641 	
0.091593 	0.117227 	0.943383 	0.000000 	
0.084601 	0.147636 	1.137063 	0.000000 	
0.089395 	0.128244 	1.106440 	0.000000 	
0.083917 	0.195248 	2.129997 	0.024883 	
0.078553 	0.132348 	1.112710 	0.000000 	
0.072327 	0.239003 	2.525660 	0.000000 	
0.080934 	0.078005 	0.629872 	0.000000 	
0.080057 	0.228995 	2.001122 	0.000000 	
0.096328 	0.198878 	2.253381 	0.000000 	
0.085799 	0.199721 	2.241986 	0.024295 	
0.076287 	0.181935 	2.132349 	0.000000 	
0.082379 	0.160252 	1.540338 	0.035476 	
0.083681 	0.242603 	2.396793 	0.036914 	
0.080941 	0.053554 	0.535031 	0.000000 	
0.084724 	0.137690 	0.849486 	0.000000 	
0.082745 	0.127435 	0.932533 	0.000000 	
0.089518 	0.117443 	1.019249 	0.000000 	
0.084730 	0.107049 	0.822759 	0.000000 	
0.079521 	0.189680 	1.304000 	0.000000 	
0.080797 	0.178986 	1.321623 	0.037297 	
0.089094 	0.127945 	0.905669 	0.000000 	
0.088311 	0.187501 	2.291306 	0.028909 	
0.087893 	0.159088 	1.094236 	0.000000 	
0.081377 	0.219273 	2.510425 	0.035098 	
0.079840 	0.180095 	1.883344 	0.000000 	
0.086946 	0.151650 	1.156893 	0.000000 	
0.084947 	0.157993 	1.497125 	0.000000 	
0.087935 	0.127015 	1.192486 	0.000000 	
0.079962 	0.190935 	2.489733 	0.000000 	
0.088075 	0.146744 	1.231694 	0.000000 	
0.083776 	0.162968 	1.594798 	0.030144 	
0.082035 	0.186474 	1.320253 	0.018018 	
0.089828 	0.159947 	1.794980 	0.000000 	
0.084380 	0.207440 	1.859843 	0.014935 	
0.088313 	0.203239 	2.463826 	0.018974 	
0.081428 	0.135031 	1.295146 	0.000000 	
0.084549 	0.199384 	1.828727 	0.014080 	
0.081685 	0.219243 	2.124517 	0.023120 	
0.084061 	0.167400 	1.964789 	0.019491 	
0.085102 	0.186888 	1.631221 	0.014329 	
0.079844 	0.148719 	1.657993 	0.000000 	
0.082496 	0.184629 	1.452354 	0.017094 	
0.093171 	0.173923 	1.366298 	0.000000 	
0.085760 	0.173063 	1.185353 	0.017509 	
0.082981 	0.174993 	1.434396 	0.018103 	
0.080614 	0.207061 	2.010682 	0.024562 	
0.085802 	0.133049 	1.218986 	0.000000 	
0.091212 	0.220334 	2.256895 	0.000000 	
0.088178 	0.122697 	1.106832 	0.000000 	
0.090891 	0.151924 	1.391305 	0.000000 	
0.082026 	0.134300 	0.961808 	0.000000 	
0.079728 	0.200469 	2.170878 	0.000000 	
0.081588 	0.177293 	1.343237 	0.021184 	
0.087560 	0.208298 	2.122158 	0.017745 	
0.085175 	0.148200 	1.187529 	0.000000 	
0.087068 	0.195169 	2.189840 	0.015478 	
0.086784 	0.185526 	1.758885 	0.015734 	
0.085355 	0.184112 	1.644641 	0.014715 	
0.087129 	0.189006 	1.705316 	0.015877 	
0.089385 	0.139861 	1.380781 	0.000000 	
0.077966 	0.175679 	1.349777 	0.000000 	
0.078599 	0.204053 	1.982675 	0.000000 	
0.082465 	0.152020 	1.705764 	0.000000 	
0.085867 	0.162684 	1.329186 	0.022591 	
0.089659 	0.166579 	1.693674 	0.000000 	
0.083807 	0.146446 	1.394664 	0.000000 	
0.075792 	0.187617 	1.710163 	0.000000 	
0.088599 	0.182696 	1.864223 	0.020986 	
0.086837 	0.183985 	1.665336 	0.016051 	
0.090162 	0.142604 	1.589617 	0.000000 	
0.081534 	0.159934 	1.155517 	0.000000 	
0.091491 	0.189684 	2.042239 	0.000000 	
0.081192 	0.203095 	2.036748 	0.020972 	
0.080484 	0.205958 	2.480826 	0.000000 	
0.087429 	0.154025 	1.495573 	0.000000 	
0.081898 	0.156936 	1.413716 	0.000000 	
0.089287 	0.202644 	2.188333 	0.023024 	
0.078981 	0.223705 	2.399453 	0.000000 	
0.085403 	0.178522 	1.882131 	0.015757 	
0.080371 	0.226359 	1.900845 	0.000000 	
0.090861 	0.172085 	1.629525 	0.000000 	
0.087367 	0.164788 	1.462833 	0.024735 	
0.091683 	0.173255 	1.690696 	0.000000 	
0.084656 	0.177840 	2.039204 	0.015834 	
0.084142 	0.209794 	1.901176 	0.015460 	
0.083661 	0.202405 	1.455303 	0.014889 	
0.088375 	0.214668 	2.270870 	0.022281 	
0.083186 	0.085974 	0.760074 	0.000000 	
0.080810 	0.191297 	2.214282 	0.022318 	
0.096977 	0.187387 	1.815666 	0.000000 	
0.086343 	0.189609 	1.995985 	0.014752 	
0.084093 	0.159930 	1.057369 	0.000000 	
0.083200 	0.163905 	1.192497 	0.022182 	
0.081017 	0.236383 	2.067309 	0.039588 	
0.082186 	0.177137 	1.536792 	0.019302 	
0.089154 	0.166086 	1.772187 	0.033191 	
0.087498 	0.181665 	1.843184 	0.017783 	
0.090302 	0.166102 	2.309870 	0.000000 	
0.081737 	0.237065 	2.170654 	0.035499 	
0.078174 	0.166761 	1.488522 	0.000000 	
0.076951 	0.191046 	1.381795 	0.000000 	
0.080902 	0.201126 	1.845862 	0.022089 	
0.092187 	0.166366 	1.584419 	0.000000 	
0.088865 	0.170007 	2.203854 	0.028015 	
0.091637 	0.202175 	1.786534 	0.000000 	
0.086156 	0.199857 	2.168700 	0.014492 	
0.084595 	0.114459 	0.923668 	0.000000 	
0.080664 	0.154815 	1.464655 	0.000000 	
0.088622 	0.195770 	1.855772 	0.019490 	
0.084625 	0.169157 	1.618138 	0.018537 	
0.083680 	0.129913 	1.054149 	0.000000 	
0.085599 	0.208059 	2.363754 	0.015037 	
0.083091 	0.151055 	1.744853 	0.000000 	
0.085385 	0.196674 	1.783753 	0.013957 	
0.077878 	0.189572 	1.190195 	0.000000 	
0.085508 	0.156521 	1.324246 	0.000000 	
0.081175 	0.155089 	1.369250 	0.000000 	
0.082123 	0.203123 	2.048116 	0.017745 	
0.082703 	0.154066 	1.318514 	0.000000 	
0.086302 	0.203012 	1.998971 	0.014876 	
0.081368 	0.180791 	1.797001 	0.021191 	
0.080790 	0.206587 	2.372510 	0.023474 	
0.084697 	0.149751 	1.286350 	0.000000 	
0.088594 	0.130522 	1.083250 	0.000000 	
0.080444 	0.183150 	1.694116 	0.000000 	
0.083080 	0.188800 	2.041739 	0.015566 	
0.088145 	0.167100 	1.795286 	0.026231 	
0.086644 	0.125059 	1.010412 	0.000000 	
0.076622 	0.209159 	1.770187 	0.000000 	
0.084328 	0.203603 	1.997829 	0.014484 	
0.085994 	0.176445 	1.896058 	0.016674 	
