param#0 	 param#1 	 dist 	  wgt 
6.490168 	1.313381 	3.648444 	0.010000 	
6.713613 	1.252273 	0.927332 	0.010000 	
6.396750 	1.827058 	6.511770 	0.010000 	
6.490935 	1.762319 	7.615293 	0.010000 	
6.348926 	1.203616 	0.894750 	0.010000 	
6.300851 	1.853797 	6.470533 	0.010000 	
6.946633 	1.148391 	3.233710 	0.010000 	
6.867472 	1.702404 	1.646190 	0.010000 	
6.707465 	1.641779 	1.880185 	0.010000 	
6.687576 	1.193665 	1.030801 	0.010000 	
6.509296 	1.181305 	1.401643 	0.010000 	
6.902029 	1.747064 	5.641154 	0.010000 	
6.955324 	1.634784 	1.521039 	0.010000 	
6.813340 	1.390542 	2.423508 	0.010000 	
6.527327 	1.498670 	3.464598 	0.010000 	
6.665650 	1.858498 	2.520845 	0.010000 	
6.539444 	1.260910 	2.819637 	0.010000 	
6.731949 	1.748521 	4.373412 	0.010000 	
6.504209 	1.597930 	0.806176 	0.010000 	
6.773171 	1.346360 	1.521187 	0.010000 	
6.819698 	1.707728 	21.278072 	0.010000 	
6.627056 	1.160220 	1.029529 	0.010000 	
6.413740 	1.432436 	1.992300 	0.010000 	
6.692609 	1.755537 	52.549451 	0.010000 	
6.612165 	1.327008 	1.662611 	0.010000 	
6.772833 	1.483109 	24.328333 	0.010000 	
6.812872 	1.490294 	4.906314 	0.010000 	
6.517747 	1.652395 	2.548761 	0.010000 	
6.681744 	1.190862 	0.653712 	0.010000 	
6.340541 	1.373871 	1.196644 	0.010000 	
6.640771 	1.763159 	42.941555 	0.010000 	
6.719441 	1.366644 	27.901407 	0.010000 	
6.848736 	1.596284 	1.461071 	0.010000 	
6.327520 	1.801353 	4.406873 	0.010000 	
6.772529 	1.750888 	1.140777 	0.010000 	
6.896264 	1.627728 	3.012990 	0.010000 	
6.549818 	1.212156 	1.072146 	0.010000 	
6.589042 	1.249747 	6.060110 	0.010000 	
6.421432 	1.754965 	1.630025 	0.010000 	
6.600073 	1.513241 	1.625573 	0.010000 	
6.953402 	1.719429 	2.364869 	0.010000 	
6.728027 	1.565822 	15.889142 	0.010000 	
6.444193 	1.755968 	1.872855 	0.010000 	
6.969890 	1.411876 	4.094282 	0.010000 	
6.611869 	1.771166 	75.504100 	0.010000 	
6.409726 	1.300389 	3.925348 	0.010000 	
6.394961 	1.380999 	2.142134 	0.010000 	
6.846801 	1.316557 	7.309594 	0.010000 	
6.745008 	1.584478 	6.527181 	0.010000 	
6.953197 	1.755180 	3.332040 	0.010000 	
6.426750 	1.723796 	1.937655 	0.010000 	
6.872173 	1.569727 	3.649533 	0.010000 	
6.505902 	1.377589 	1.215368 	0.010000 	
6.541132 	1.508993 	1.670964 	0.010000 	
6.781175 	1.490703 	1.917829 	0.010000 	
6.903652 	1.242859 	2.067716 	0.010000 	
6.651713 	1.183711 	1.969104 	0.010000 	
6.738930 	1.630006 	1.953705 	0.010000 	
6.896423 	1.571287 	1.791174 	0.010000 	
6.369291 	1.711815 	4.167264 	0.010000 	
6.809521 	1.734323 	1.209760 	0.010000 	
6.661776 	1.543987 	1.335840 	0.010000 	
6.574400 	1.363547 	1.455069 	0.010000 	
6.416829 	1.624702 	6.331734 	0.010000 	
6.448666 	1.688019 	4.451925 	0.010000 	
6.564521 	1.824697 	5.672473 	0.010000 	
6.561335 	1.367659 	1.115112 	0.010000 	
6.735075 	1.703093 	0.976355 	0.010000 	
6.382315 	1.527470 	1.576734 	0.010000 	
6.496833 	1.608979 	3.485803 	0.010000 	
6.681155 	1.671749 	2.342354 	0.010000 	
6.320005 	1.361581 	1.333955 	0.010000 	
6.925525 	1.552545 	1.201511 	0.010000 	
6.405873 	1.227724 	1.056544 	0.010000 	
6.449894 	1.244360 	1.289254 	0.010000 	
6.443455 	1.276320 	1.427321 	0.010000 	
6.448649 	1.438252 	3.607046 	0.010000 	
6.527014 	1.372229 	12.545040 	0.010000 	
6.686454 	1.436267 	4.297288 	0.010000 	
6.486782 	1.627606 	13.052181 	0.010000 	
6.365538 	1.605585 	1.379618 	0.010000 	
6.976779 	1.697282 	21.158643 	0.010000 	
6.402166 	1.830771 	1.806118 	0.010000 	
6.820357 	1.449674 	2.051211 	0.010000 	
6.851204 	1.218228 	0.899747 	0.010000 	
6.321730 	1.328506 	1.301405 	0.010000 	
6.570617 	1.700962 	1.988536 	0.010000 	
6.355168 	1.585475 	1.263594 	0.010000 	
6.580076 	1.615296 	2.448540 	0.010000 	
6.776358 	1.621566 	3.923892 	0.010000 	
6.831936 	1.179170 	1.639301 	0.010000 	
6.915207 	1.505281 	1.456436 	0.010000 	
6.727563 	1.831458 	5.977408 	0.010000 	
6.684557 	1.288200 	1.365182 	0.010000 	
6.648887 	1.819951 	3.256898 	0.010000 	
6.521736 	1.216195 	1.290824 	0.010000 	
6.701951 	1.308922 	2.869511 	0.010000 	
6.666673 	1.485442 	6.804351 	0.010000 	
6.799157 	1.545177 	3.675833 	0.010000 	
6.747114 	1.789523 	5.793303 	0.010000 	
6.373135 	0.836797 	0.652478 	0.000000 	
7.056890 	1.213156 	0.889362 	0.000000 	
6.409597 	1.731818 	1.139369 	0.019641 	
7.126847 	1.732350 	2.083954 	0.000000 	
6.909851 	1.189679 	0.705295 	0.028071 	
6.427862 	1.291867 	0.858518 	0.019103 	
7.065476 	1.518000 	3.445459 	0.000000 	
7.053107 	1.857804 	1.568188 	0.000000 	
6.532758 	1.038919 	0.769322 	0.000000 	
6.423973 	1.522910 	1.566775 	0.016272 	
6.691929 	1.410830 	1.092001 	0.014084 	
6.857565 	1.237265 	1.832530 	0.022301 	
6.129860 	1.118117 	0.988112 	0.000000 	
6.144662 	1.654010 	1.286590 	0.000000 	
6.541839 	1.423351 	1.139583 	0.014297 	
6.735291 	1.672307 	3.803705 	0.014899 	
6.184800 	1.489817 	1.413839 	0.000000 	
7.149693 	1.662716 	1.913234 	0.000000 	
6.351686 	1.268310 	0.881083 	0.023400 	
6.485560 	1.559317 	3.483943 	0.014830 	
6.509448 	1.620559 	1.100850 	0.014844 	
7.137582 	1.656133 	3.538981 	0.000000 	
5.937092 	0.898336 	0.656948 	0.000000 	
6.110592 	1.426252 	1.673006 	0.000000 	
6.387904 	1.745090 	2.938010 	0.020989 	
6.527177 	1.295990 	1.169381 	0.016603 	
5.875602 	1.365749 	2.118285 	0.000000 	
6.831187 	1.721871 	2.895019 	0.017734 	
6.704917 	1.573752 	1.444345 	0.013652 	
6.148090 	1.691683 	1.390093 	0.000000 	
6.355168 	1.645903 	2.556899 	0.020057 	
5.773662 	1.609543 	1.594661 	0.000000 	
6.796638 	1.769437 	3.046835 	0.018218 	
6.558227 	1.490429 	0.810078 	0.013732 	
5.687758 	0.662726 	0.734100 	0.000000 	
6.898719 	1.492285 	2.801081 	0.017890 	
7.011844 	1.343330 	0.783925 	0.000000 	
6.827372 	1.545841 	3.741218 	0.015466 	
5.951929 	1.025541 	0.654757 	0.000000 	
6.840674 	1.201641 	2.086961 	0.023341 	
6.048973 	1.143901 	0.807834 	0.000000 	
7.309758 	1.071566 	1.707032 	0.000000 	
6.493119 	1.721463 	2.840559 	0.016861 	
7.312557 	1.169815 	1.997739 	0.000000 	
6.530760 	0.955017 	0.949064 	0.000000 	
6.318018 	1.075756 	1.019717 	0.000000 	
6.719527 	1.647810 	1.117569 	0.014394 	
6.107768 	1.191126 	0.843700 	0.000000 	
6.610403 	0.698560 	0.761980 	0.000000 	
6.697280 	1.594689 	1.808293 	0.013718 	
6.605867 	1.469993 	1.796512 	0.013494 	
6.571456 	1.457163 	1.659566 	0.013758 	
6.859156 	1.244302 	3.104560 	0.022050 	
6.972200 	1.426577 	0.964561 	0.022604 	
6.751951 	1.424394 	1.927131 	0.014579 	
6.967583 	1.155735 	0.845909 	0.036186 	
6.578498 	1.375992 	1.355792 	0.014509 	
6.456137 	2.016281 	3.793778 	0.000000 	
6.903532 	1.560052 	2.340852 	0.017983 	
6.658912 	1.283699 	2.627079 	0.016245 	
6.652890 	1.130911 	0.996800 	0.000000 	
6.935842 	1.404916 	1.412517 	0.020772 	
6.385521 	1.815818 	4.106265 	0.024077 	
6.271871 	1.567668 	4.358287 	0.000000 	
6.174128 	1.827464 	2.821346 	0.000000 	
6.031087 	0.897664 	3.529942 	0.000000 	
6.215140 	1.627096 	4.291779 	0.000000 	
6.549406 	1.580066 	0.963592 	0.013961 	
6.409754 	1.639751 	1.553901 	0.017627 	
6.996454 	1.208081 	0.883992 	0.034761 	
6.651687 	1.865775 	1.403598 	0.000000 	
6.752199 	1.346182 	3.936296 	0.015766 	
6.616527 	1.514324 	1.311992 	0.013342 	
6.439800 	1.762081 	1.687658 	0.019490 	
6.364799 	1.565423 	3.529570 	0.018642 	
7.020067 	1.270812 	1.920999 	0.000000 	
6.965248 	1.543803 	2.561444 	0.021090 	
6.466602 	1.405029 	2.378302 	0.015776 	
6.546218 	0.869149 	0.636389 	0.000000 	
6.277069 	1.624826 	2.044018 	0.000000 	
6.139750 	1.300656 	3.235612 	0.000000 	
7.038221 	1.541927 	1.363726 	0.000000 	
6.536945 	1.405889 	1.168759 	0.014531 	
6.196861 	1.404749 	0.844028 	0.000000 	
6.931918 	1.165083 	0.805107 	0.031732 	
6.997876 	0.816185 	0.733640 	0.000000 	
6.349347 	1.283243 	1.371247 	0.022974 	
6.449938 	1.241858 	1.168628 	0.020040 	
6.689500 	1.520597 	2.545104 	0.013445 	
6.504904 	1.742390 	1.930876 	0.017153 	
6.832573 	1.642315 	3.323123 	0.016274 	
6.452674 	1.355167 	3.376943 	0.016867 	
5.978136 	1.783372 	3.368622 	0.000000 	
5.885049 	0.904396 	0.590228 	0.000000 	
6.501462 	0.918682 	0.663437 	0.000000 	
6.879442 	1.007229 	1.091662 	0.000000 	
7.152200 	0.998830 	1.675922 	0.000000 	
6.371844 	0.830837 	0.641412 	0.000000 	
6.949109 	1.374219 	2.338822 	0.022275 	
6.698853 	1.480090 	0.790609 	0.013601 	
6.784459 	1.391988 	1.069428 	0.019599 	
7.165186 	1.145684 	0.904167 	0.000000 	
7.089917 	1.208046 	1.654420 	0.000000 	
7.204159 	1.265777 	1.065917 	0.000000 	
6.988646 	0.781244 	1.071398 	0.000000 	
6.431355 	1.084065 	1.542070 	0.000000 	
6.835977 	1.026410 	1.146617 	0.000000 	
7.000502 	1.140484 	0.822184 	0.000000 	
6.741552 	1.188232 	1.334820 	0.024990 	
7.480021 	1.415599 	2.331365 	0.000000 	
7.157799 	1.330025 	1.063061 	0.000000 	
6.677400 	1.290509 	0.949388 	0.020920 	
6.902348 	1.134545 	1.239423 	0.000000 	
7.158015 	0.898725 	0.730306 	0.000000 	
6.044560 	1.261038 	2.141816 	0.000000 	
6.848988 	0.830410 	0.641416 	0.000000 	
6.609638 	1.446281 	1.247421 	0.018869 	
6.535274 	0.796385 	0.743679 	0.000000 	
6.805017 	1.550017 	1.312550 	0.020843 	
7.691464 	1.745750 	1.531000 	0.000000 	
6.952335 	1.450527 	1.778577 	0.023978 	
6.894695 	1.415542 	2.268217 	0.021757 	
6.760119 	1.299700 	1.064838 	0.020807 	
6.894873 	1.373218 	1.353205 	0.021930 	
7.020898 	1.262041 	1.229470 	0.000000 	
6.460698 	1.347825 	0.773073 	0.023008 	
6.860110 	0.594630 	0.558972 	0.000000 	
6.319071 	1.477528 	2.245740 	0.027262 	
6.265968 	0.995834 	1.245152 	0.000000 	
6.910120 	1.733972 	1.846381 	0.033673 	
6.672985 	1.016593 	0.751883 	0.000000 	
6.894372 	1.310516 	2.228922 	0.022777 	
6.970949 	1.372750 	1.110167 	0.024679 	
6.855691 	1.157516 	0.787875 	0.027909 	
6.199431 	1.668666 	1.931395 	0.000000 	
6.294394 	1.734828 	1.395478 	0.000000 	
6.345324 	1.509680 	0.738101 	0.025697 	
7.129018 	0.994234 	0.604279 	0.000000 	
6.880665 	0.841229 	0.568734 	0.000000 	
6.323170 	1.306600 	0.956520 	0.031539 	
6.709400 	1.214907 	0.911319 	0.023659 	
6.179970 	1.029078 	0.912040 	0.000000 	
6.847144 	1.270291 	1.422250 	0.022685 	
6.790113 	1.653656 	2.510464 	0.023622 	
6.768266 	1.381012 	1.902266 	0.019513 	
5.937209 	1.280632 	0.792566 	0.000000 	
7.262547 	1.255705 	0.883562 	0.000000 	
6.015990 	0.610175 	0.582117 	0.000000 	
7.219998 	0.833131 	0.711561 	0.000000 	
6.594620 	1.333338 	1.106642 	0.020465 	
6.314717 	1.672927 	1.934052 	0.030857 	
6.662469 	0.835415 	0.978224 	0.000000 	
6.887630 	0.837507 	0.707830 	0.000000 	
7.047871 	1.500901 	1.755966 	0.000000 	
5.938804 	1.609024 	1.837725 	0.000000 	
7.338869 	0.956806 	0.857838 	0.000000 	
6.348861 	1.600328 	1.715059 	0.026554 	
7.043148 	1.373940 	1.147207 	0.000000 	
6.703515 	1.234840 	0.973110 	0.022790 	
7.009752 	0.790199 	0.658756 	0.000000 	
6.903616 	1.328711 	1.282177 	0.022709 	
6.354589 	1.119926 	1.170409 	0.000000 	
7.279113 	1.669997 	2.382999 	0.000000 	
6.598415 	1.307005 	1.008639 	0.021098 	
7.049194 	1.198327 	1.729985 	0.000000 	
7.133915 	1.163459 	0.743278 	0.000000 	
6.798560 	1.087914 	0.920068 	0.000000 	
6.779604 	1.101791 	1.049592 	0.000000 	
6.608425 	1.247314 	1.023727 	0.023071 	
6.389462 	1.110116 	0.703270 	0.000000 	
6.238881 	1.349860 	1.197925 	0.000000 	
6.887361 	1.257451 	0.928088 	0.023964 	
6.894249 	1.857424 	2.013781 	0.048151 	
7.137747 	0.955600 	0.692287 	0.000000 	
6.589487 	1.551423 	1.839817 	0.019490 	
6.810646 	1.036238 	0.860081 	0.000000 	
6.644954 	1.234846 	1.288887 	0.023159 	
5.895798 	1.274686 	0.941618 	0.000000 	
6.593360 	1.187433 	1.821880 	0.026493 	
6.834103 	1.688700 	2.123486 	0.026674 	
6.421531 	1.420094 	1.352077 	0.022897 	
6.712038 	1.436367 	1.035103 	0.018785 	
6.119547 	1.927924 	2.290745 	0.000000 	
6.461398 	1.819240 	2.347955 	0.033456 	
6.386605 	0.886884 	0.844581 	0.000000 	
6.329045 	0.757701 	0.705682 	0.000000 	
7.159849 	1.053613 	0.853187 	0.000000 	
7.052862 	1.521383 	1.378477 	0.000000 	
7.188705 	1.550072 	1.513770 	0.000000 	
6.601121 	1.117924 	1.063349 	0.000000 	
6.781804 	1.602741 	1.520393 	0.021647 	
6.804791 	1.460719 	2.358764 	0.019790 	
7.523871 	0.598433 	0.580054 	0.000000 	
7.038751 	0.944644 	0.700615 	0.000000 	
6.337878 	1.416369 	1.390832 	0.026876 	
6.485484 	1.391003 	2.314504 	0.021360 	
7.331235 	1.176315 	0.747224 	0.000000 	
6.759104 	1.135799 	0.942977 	0.000000 	
7.151499 	1.270135 	0.939779 	0.000000 	
7.132857 	0.838909 	0.828928 	0.000000 	
6.471925 	1.389593 	1.393733 	0.016458 	
6.948323 	0.872549 	0.958570 	0.000000 	
7.017018 	1.102061 	1.819188 	0.000000 	
6.424927 	1.368075 	1.257806 	0.017854 	
5.715747 	1.567563 	1.206347 	0.000000 	
6.552395 	1.217762 	1.296610 	0.017392 	
7.114151 	1.361326 	0.917078 	0.000000 	
7.023578 	1.323202 	0.940916 	0.000000 	
6.816910 	1.093167 	0.963880 	0.000000 	
6.376003 	1.622538 	0.978193 	0.023617 	
6.807549 	1.455768 	1.094126 	0.014867 	
7.166351 	1.587245 	1.747820 	0.000000 	
6.887272 	1.658223 	1.917965 	0.021243 	
6.637504 	1.793109 	1.890356 	0.027068 	
6.682306 	1.153335 	1.252080 	0.018280 	
6.559258 	0.876894 	0.883818 	0.000000 	
6.477096 	1.303241 	0.717474 	0.017098 	
6.565793 	1.167892 	0.913085 	0.018942 	
6.516945 	1.505776 	1.218531 	0.016308 	
6.392722 	0.946561 	0.865130 	0.000000 	
6.799450 	1.474184 	1.553958 	0.014951 	
6.904065 	1.589552 	2.289198 	0.019221 	
6.584903 	1.017922 	0.664940 	0.000000 	
6.497798 	0.730635 	0.818766 	0.000000 	
6.851538 	1.720249 	1.248627 	0.023425 	
7.226418 	1.562023 	1.288964 	0.000000 	
6.402464 	1.344395 	1.129200 	0.018836 	
6.766156 	1.340270 	1.037429 	0.014349 	
6.454574 	1.424890 	1.751732 	0.016910 	
7.195281 	1.241553 	1.180588 	0.000000 	
6.416816 	1.461307 	1.119502 	0.018209 	
6.737999 	1.023629 	0.859957 	0.000000 	
6.394189 	1.323410 	1.014654 	0.019442 	
6.524156 	1.155027 	0.820477 	0.020487 	
6.542692 	1.324422 	0.716298 	0.015451 	
6.593096 	1.518599 	1.085370 	0.015464 	
6.790382 	1.704505 	1.258431 	0.021459 	
6.718854 	1.192582 	0.907537 	0.016804 	
6.358772 	1.301452 	2.338066 	0.021429 	
6.474113 	1.434377 	0.914293 	0.016467 	
6.775803 	1.352148 	0.969872 	0.014356 	
6.789649 	1.240060 	1.950126 	0.015974 	
7.042272 	1.554863 	1.578657 	0.000000 	
6.872560 	1.244107 	1.022243 	0.017272 	
6.787000 	1.849270 	2.451133 	0.032505 	
6.288752 	1.727270 	2.054523 	0.000000 	
6.096581 	0.886843 	0.695472 	0.000000 	
6.783997 	0.860081 	0.679272 	0.000000 	
6.853195 	1.231434 	0.749160 	0.017166 	
6.419733 	1.272489 	0.818200 	0.019522 	
7.274994 	1.189459 	1.427112 	0.000000 	
6.570720 	1.503064 	1.251542 	0.015465 	
6.161542 	1.381219 	0.881603 	0.000000 	
6.705472 	1.316153 	1.087775 	0.014300 	
7.071083 	1.202440 	0.867202 	0.000000 	
6.099385 	1.369932 	0.992354 	0.000000 	
6.986161 	1.458297 	1.229221 	0.019494 	
7.055450 	1.394394 	1.716535 	0.000000 	
6.846029 	1.373075 	1.011023 	0.015158 	
6.032527 	1.433832 	1.793146 	0.000000 	
6.825824 	1.351545 	0.995600 	0.014923 	
6.892443 	1.155585 	1.320481 	0.020911 	
6.781658 	0.721479 	0.615345 	0.000000 	
6.682338 	1.271917 	1.714381 	0.014896 	
6.912993 	0.747165 	0.692319 	0.000000 	
6.381034 	1.180947 	1.752384 	0.024942 	
6.658421 	2.092100 	2.332040 	0.000000 	
6.606318 	1.212261 	0.961736 	0.016743 	
6.189291 	1.383951 	1.033143 	0.000000 	
5.896265 	1.506248 	1.738181 	0.000000 	
6.921614 	1.312859 	0.793525 	0.017332 	
6.327269 	0.820963 	0.740603 	0.000000 	
6.437321 	1.268965 	0.887130 	0.018982 	
6.094467 	1.310352 	0.969051 	0.000000 	
6.840286 	1.391331 	2.434394 	0.015044 	
6.927547 	0.755048 	0.711125 	0.000000 	
6.652884 	1.477276 	2.005746 	0.014491 	
6.826432 	1.200627 	0.841866 	0.017555 	
7.195647 	1.281459 	0.999543 	0.000000 	
7.004889 	1.242932 	0.826833 	0.000000 	
7.169917 	1.089451 	0.967082 	0.000000 	
6.613171 	1.522629 	0.840165 	0.015355 	
5.912350 	1.551304 	1.714214 	0.000000 	
6.192519 	1.075511 	0.816197 	0.000000 	
6.789661 	1.270798 	0.660835 	0.015362 	
6.701418 	1.284272 	0.721980 	0.014687 	
6.861438 	1.721213 	1.405709 	0.023728 	
6.792950 	1.482111 	2.119733 	0.014970 	
6.450420 	1.325689 	1.191006 	0.017499 	
6.101652 	1.633821 	1.711879 	0.000000 	
6.756159 	0.935817 	0.778073 	0.000000 	
7.040616 	1.173175 	1.728064 	0.000000 	
6.640518 	1.394003 	1.433579 	0.014084 	
6.873382 	0.791241 	0.819001 	0.000000 	
6.821784 	1.732416 	2.325799 	0.023509 	
6.191452 	1.053347 	0.695070 	0.000000 	
7.346671 	1.114472 	1.043548 	0.000000 	
6.551295 	1.036459 	0.733177 	0.000000 	
6.187584 	1.387556 	1.536125 	0.000000 	
6.397612 	1.597151 	2.443729 	0.021742 	
