param#0 	 param#1 	 dist 	  wgt 
0.094219 	0.494254 	3.916084 	0.010000 	
0.094727 	0.520794 	7.534746 	0.010000 	
0.091674 	0.605836 	3.902857 	0.010000 	
0.099485 	0.641919 	5.355475 	0.010000 	
0.099888 	0.410823 	2.194726 	0.010000 	
0.097489 	0.458055 	4.043184 	0.010000 	
0.099567 	0.432660 	1.919023 	0.010000 	
0.090723 	0.459068 	1.999720 	0.010000 	
0.094038 	0.597103 	2.117680 	0.010000 	
0.090239 	0.646589 	6.458366 	0.010000 	
0.091960 	0.460584 	4.201768 	0.010000 	
0.093988 	0.434496 	2.883505 	0.010000 	
0.095393 	0.477651 	3.374152 	0.010000 	
0.092833 	0.529454 	1.673775 	0.010000 	
0.098557 	0.638352 	3.155204 	0.010000 	
0.096557 	0.621479 	4.375091 	0.010000 	
0.092369 	0.460709 	3.190715 	0.010000 	
0.092812 	0.513992 	1.983913 	0.010000 	
0.095436 	0.571878 	2.514814 	0.010000 	
0.097256 	0.468609 	2.854072 	0.010000 	
0.091719 	0.628735 	51.887667 	0.010000 	
0.099026 	0.451144 	1.897631 	0.010000 	
0.098332 	0.642371 	4.847195 	0.010000 	
0.093373 	0.406422 	1.923576 	0.010000 	
0.099930 	0.411403 	1.949022 	0.010000 	
0.097729 	0.651894 	2.102533 	0.010000 	
0.095607 	0.499462 	4.909135 	0.010000 	
0.095430 	0.491737 	1.994048 	0.010000 	
0.092041 	0.429295 	1.496986 	0.010000 	
0.098052 	0.477690 	4.397252 	0.010000 	
0.098168 	0.548046 	7.682942 	0.010000 	
0.099027 	0.538167 	3.140921 	0.010000 	
0.096551 	0.490382 	6.230705 	0.010000 	
0.099357 	0.641993 	2.959379 	0.010000 	
0.099457 	0.550875 	6.531566 	0.010000 	
0.090864 	0.593611 	1.769186 	0.010000 	
0.093018 	0.460282 	2.376949 	0.010000 	
0.090502 	0.575041 	2.850867 	0.010000 	
0.092848 	0.613014 	11.443456 	0.010000 	
0.092927 	0.615774 	13.677145 	0.010000 	
0.092461 	0.494869 	1.832720 	0.010000 	
0.092044 	0.482042 	53.334983 	0.010000 	
0.091290 	0.535342 	2.332412 	0.010000 	
0.090251 	0.574770 	2.098970 	0.010000 	
0.091690 	0.428352 	2.268196 	0.010000 	
0.094695 	0.474699 	1.718227 	0.010000 	
0.090922 	0.421143 	2.227684 	0.010000 	
0.093304 	0.460479 	1.784954 	0.010000 	
0.095580 	0.560952 	11.182666 	0.010000 	
0.096252 	0.620153 	2.303925 	0.010000 	
0.099399 	0.481738 	1.791897 	0.010000 	
0.098647 	0.620030 	2.844785 	0.010000 	
0.099860 	0.449800 	2.876032 	0.010000 	
0.098314 	0.640910 	7.600777 	0.010000 	
0.094504 	0.483686 	2.256936 	0.010000 	
0.093474 	0.478274 	16.164186 	0.010000 	
0.091561 	0.611336 	12.850121 	0.010000 	
0.091291 	0.635824 	1.842086 	0.010000 	
0.093409 	0.469760 	2.737371 	0.010000 	
0.090562 	0.563074 	2.435947 	0.010000 	
0.098516 	0.461256 	2.388515 	0.010000 	
0.092465 	0.643157 	2.555584 	0.010000 	
0.096312 	0.632356 	3.882293 	0.010000 	
0.099716 	0.549085 	3.411241 	0.010000 	
0.097542 	0.537325 	2.873348 	0.010000 	
0.097875 	0.623987 	7.360535 	0.010000 	
0.099439 	0.490318 	3.273048 	0.010000 	
0.092162 	0.577915 	3.262813 	0.010000 	
0.098442 	0.452496 	3.300964 	0.010000 	
0.090576 	0.572990 	8.018912 	0.010000 	
0.091439 	0.613228 	2.377516 	0.010000 	
0.094986 	0.582459 	6.578070 	0.010000 	
0.095218 	0.532684 	5.125309 	0.010000 	
0.095931 	0.424993 	1.601327 	0.010000 	
0.098391 	0.638609 	2.718223 	0.010000 	
0.093946 	0.489123 	2.540397 	0.010000 	
0.097597 	0.646906 	3.597585 	0.010000 	
0.095588 	0.498926 	2.538441 	0.010000 	
0.095650 	0.612653 	3.659828 	0.010000 	
0.091717 	0.611565 	2.352312 	0.010000 	
0.093887 	0.599590 	2.791939 	0.010000 	
0.094969 	0.587579 	3.204835 	0.010000 	
0.098617 	0.485104 	2.698714 	0.010000 	
0.095620 	0.507237 	2.529953 	0.010000 	
0.095905 	0.491964 	10.516754 	0.010000 	
0.098031 	0.440650 	3.653270 	0.010000 	
0.092038 	0.453772 	1.615892 	0.010000 	
0.099059 	0.650861 	29.611883 	0.010000 	
0.098983 	0.441871 	3.485536 	0.010000 	
0.096896 	0.541051 	2.492745 	0.010000 	
0.094002 	0.500296 	1.876188 	0.010000 	
0.093548 	0.552563 	5.351192 	0.010000 	
0.096158 	0.479361 	2.007502 	0.010000 	
0.091859 	0.489661 	2.313660 	0.010000 	
0.093372 	0.607214 	3.413358 	0.010000 	
0.095660 	0.483557 	1.807753 	0.010000 	
0.098972 	0.581712 	2.093315 	0.010000 	
0.098228 	0.514654 	3.840065 	0.010000 	
0.095240 	0.499565 	6.179619 	0.010000 	
0.099050 	0.443739 	2.381709 	0.010000 	
0.105762 	0.559238 	3.138408 	0.000000 	
0.086302 	0.578251 	1.705425 	0.000000 	
0.090023 	0.615813 	2.046120 	0.033021 	
0.094410 	0.376650 	1.759912 	0.000000 	
0.094163 	0.671040 	3.236248 	0.000000 	
0.089837 	0.491808 	4.163798 	0.000000 	
0.104696 	0.565113 	2.744420 	0.000000 	
0.103472 	0.388809 	1.912587 	0.000000 	
0.100795 	0.417810 	2.898631 	0.000000 	
0.094948 	0.374454 	1.825125 	0.000000 	
0.093055 	0.671174 	3.618484 	0.000000 	
0.090079 	0.491661 	1.629998 	0.028279 	
0.096105 	0.444674 	1.755135 	0.020825 	
0.093931 	0.412161 	1.655791 	0.025937 	
0.093292 	0.453712 	2.026188 	0.021178 	
0.098150 	0.638007 	4.044239 	0.027810 	
0.095166 	0.512359 	1.678128 	0.017020 	
0.092361 	0.369733 	1.957113 	0.000000 	
0.093787 	0.529809 	2.328050 	0.017499 	
0.103924 	0.491716 	2.459763 	0.000000 	
0.092210 	0.437081 	1.755106 	0.025403 	
0.089284 	0.355935 	1.470480 	0.000000 	
0.094701 	0.519368 	2.687064 	0.017016 	
0.100204 	0.489302 	2.296488 	0.000000 	
0.091199 	0.405255 	1.706680 	0.035859 	
0.092649 	0.578286 	1.951411 	0.020259 	
0.094878 	0.577479 	3.223382 	0.018222 	
0.099423 	0.485617 	2.900135 	0.024215 	
0.096231 	0.300687 	1.976843 	0.000000 	
0.088406 	0.433824 	1.794004 	0.000000 	
0.087536 	0.567494 	1.812364 	0.000000 	
0.094461 	0.245421 	1.424364 	0.000000 	
0.098490 	0.658487 	4.153021 	0.000000 	
0.094529 	0.644199 	2.200587 	0.025055 	
0.089674 	0.548772 	2.245840 	0.000000 	
0.093306 	0.360935 	1.476023 	0.000000 	
0.101770 	0.554860 	2.582086 	0.000000 	
0.091526 	0.319408 	1.777542 	0.000000 	
0.096334 	0.577304 	3.122197 	0.018657 	
0.097093 	0.620712 	2.708093 	0.023107 	
0.089621 	0.412058 	2.036112 	0.000000 	
0.095058 	0.410892 	1.753414 	0.025305 	
0.092723 	0.604711 	2.673046 	0.022103 	
0.092348 	0.293512 	1.432892 	0.000000 	
0.083503 	0.589693 	2.810601 	0.000000 	
0.089921 	0.529350 	2.281192 	0.000000 	
0.094576 	0.473064 	2.690590 	0.018519 	
0.103685 	0.341393 	1.745457 	0.000000 	
0.105498 	0.474668 	3.071236 	0.000000 	
0.104441 	0.725016 	3.144731 	0.000000 	
0.093237 	0.538620 	2.211354 	0.018120 	
0.084188 	0.368865 	1.397646 	0.000000 	
0.097767 	0.411974 	1.545137 	0.027698 	
0.096000 	0.430259 	2.042836 	0.022436 	
0.092042 	0.473261 	3.506507 	0.022051 	
0.086979 	0.640091 	3.089431 	0.000000 	
0.093545 	0.569264 	3.075980 	0.018597 	
0.098568 	0.595685 	3.031577 	0.023711 	
0.099598 	0.468479 	1.653502 	0.026001 	
0.094104 	0.560078 	1.900613 	0.017793 	
0.102005 	0.562180 	4.181520 	0.000000 	
0.094122 	0.432935 	2.316480 	0.022476 	
0.092973 	0.414875 	3.644420 	0.027122 	
0.087647 	0.264177 	1.436399 	0.000000 	
0.093699 	0.498443 	2.218307 	0.018011 	
0.093182 	0.314146 	1.304254 	0.000000 	
0.099390 	0.490761 	3.528252 	0.023853 	
0.095790 	0.735603 	3.363663 	0.000000 	
0.095247 	0.588158 	2.587946 	0.018827 	
0.092052 	0.492478 	3.353562 	0.020898 	
0.087742 	0.445170 	1.745093 	0.000000 	
0.098443 	0.595828 	3.620770 	0.023378 	
0.098064 	0.478274 	2.677273 	0.020796 	
0.101695 	0.510792 	2.335422 	0.000000 	
0.100720 	0.354134 	2.455457 	0.000000 	
0.091995 	0.383181 	1.862969 	0.000000 	
0.088233 	0.527108 	2.922446 	0.000000 	
0.093129 	0.381014 	1.641581 	0.000000 	
0.102148 	0.503120 	2.117900 	0.000000 	
0.098712 	0.446062 	2.079107 	0.025071 	
0.102873 	0.622948 	2.687167 	0.000000 	
0.094098 	0.389502 	2.090633 	0.000000 	
0.094798 	0.545065 	1.991512 	0.017130 	
0.084260 	0.539974 	2.637076 	0.000000 	
0.092445 	0.307148 	1.416269 	0.000000 	
0.097773 	0.612960 	2.970339 	0.023456 	
0.100432 	0.408393 	1.540042 	0.000000 	
0.096933 	0.687405 	3.235090 	0.000000 	
0.102868 	0.602494 	2.566771 	0.000000 	
0.097753 	0.591474 	3.046864 	0.021434 	
0.088815 	0.553267 	2.177784 	0.000000 	
0.085285 	0.581510 	1.946804 	0.000000 	
0.095186 	0.625654 	4.220402 	0.022251 	
0.101237 	0.533032 	2.412615 	0.000000 	
0.101123 	0.351987 	1.651552 	0.000000 	
0.092487 	0.404941 	2.037496 	0.030537 	
0.094406 	0.489959 	2.121607 	0.017785 	
0.101223 	0.600966 	3.392662 	0.000000 	
0.098103 	0.431395 	2.476163 	0.025280 	
0.097480 	0.333297 	1.493330 	0.000000 	
0.104827 	0.410990 	1.958345 	0.000000 	
0.103436 	0.651905 	2.181904 	0.000000 	
0.093681 	0.455745 	2.643983 	0.018464 	
0.092953 	0.463582 	2.108385 	0.019027 	
0.095267 	0.449610 	2.584223 	0.018353 	
0.091093 	0.389571 	1.540410 	0.000000 	
0.096771 	0.643270 	2.168575 	0.027470 	
0.093280 	0.473502 	2.595563 	0.018286 	
0.098328 	0.347462 	1.618011 	0.000000 	
0.097617 	0.524129 	2.416342 	0.019670 	
0.094857 	0.595428 	2.827261 	0.020437 	
0.095446 	0.390043 	2.388796 	0.000000 	
0.103221 	0.443248 	2.600026 	0.000000 	
0.099942 	0.461346 	2.097332 	0.030116 	
0.097714 	0.683518 	2.822773 	0.000000 	
0.096548 	0.601232 	2.748399 	0.021688 	
0.097898 	0.394447 	1.718788 	0.000000 	
0.091316 	0.563808 	2.599601 	0.024878 	
0.096904 	0.497663 	1.934172 	0.018389 	
0.097960 	0.586663 	2.409596 	0.023188 	
0.092545 	0.282400 	1.538204 	0.000000 	
0.097717 	0.390445 	2.218812 	0.000000 	
0.096633 	0.297752 	1.486694 	0.000000 	
0.093351 	0.402371 	1.896710 	0.000000 	
0.097450 	0.632081 	2.825329 	0.027044 	
0.093504 	0.467407 	2.902228 	0.018205 	
0.084596 	0.332537 	1.464175 	0.000000 	
0.096145 	0.416276 	1.882894 	0.021480 	
0.089060 	0.411007 	2.431909 	0.000000 	
0.094400 	0.477036 	1.765324 	0.017350 	
0.094570 	0.416875 	2.410647 	0.020557 	
0.099639 	0.454418 	2.163350 	0.028865 	
0.085793 	0.595218 	1.958462 	0.000000 	
0.089765 	0.460681 	2.407188 	0.000000 	
0.094474 	0.436458 	2.595579 	0.019054 	
0.099770 	0.563717 	1.911022 	0.028933 	
0.087238 	0.537733 	2.034671 	0.000000 	
0.098076 	0.258846 	1.261887 	0.000000 	
0.094696 	0.511336 	2.564262 	0.016977 	
0.099477 	0.208044 	1.327025 	0.000000 	
0.088412 	0.433186 	2.416389 	0.000000 	
0.103085 	0.546299 	2.044446 	0.000000 	
0.089233 	0.415570 	1.687884 	0.000000 	
0.093247 	0.466982 	1.822604 	0.018510 	
0.097225 	0.327426 	2.031077 	0.000000 	
0.103813 	0.335293 	1.468885 	0.000000 	
0.102780 	0.421813 	2.031040 	0.000000 	
0.087352 	0.433542 	2.416297 	0.000000 	
0.086195 	0.486531 	1.496500 	0.000000 	
0.092410 	0.489553 	1.729801 	0.019426 	
0.094182 	0.372880 	1.814162 	0.000000 	
0.094472 	0.365637 	2.033068 	0.000000 	
0.093749 	0.586231 	2.026703 	0.020524 	
0.094936 	0.420824 	2.508259 	0.020216 	
0.091756 	0.513311 	2.309001 	0.021114 	
0.103924 	0.440976 	1.976467 	0.000000 	
0.099479 	0.383377 	2.106011 	0.000000 	
0.091282 	0.509533 	2.376996 	0.022606 	
0.096272 	0.257057 	1.304866 	0.000000 	
0.090184 	0.399787 	1.418636 	0.000000 	
0.094639 	0.431803 	2.266855 	0.019342 	
0.089532 	0.588713 	2.351451 	0.000000 	
0.094179 	0.563285 	2.816560 	0.018615 	
0.094549 	0.613085 	1.864867 	0.022334 	
0.096474 	0.514092 	1.917079 	0.017781 	
0.101945 	0.427411 	2.219691 	0.000000 	
0.097936 	0.312985 	1.668879 	0.000000 	
0.099634 	0.365644 	1.969555 	0.000000 	
0.094555 	0.377192 	2.292550 	0.000000 	
0.099194 	0.502086 	2.620400 	0.024558 	
0.090612 	0.544484 	2.255826 	0.026778 	
0.092782 	0.340878 	1.816245 	0.000000 	
0.100138 	0.288833 	1.502090 	0.000000 	
0.091597 	0.310335 	1.983413 	0.000000 	
0.097687 	0.501280 	2.743847 	0.019792 	
0.093935 	0.527337 	2.408731 	0.017537 	
0.098020 	0.355777 	1.771545 	0.000000 	
0.094270 	0.454453 	2.091084 	0.018146 	
0.098342 	0.554391 	2.755419 	0.022325 	
0.096612 	0.209052 	1.317912 	0.000000 	
0.094577 	0.585935 	2.134505 	0.019789 	
0.103901 	0.488965 	1.658824 	0.000000 	
0.100961 	0.416172 	1.952624 	0.000000 	
0.094740 	0.436162 	1.873843 	0.019041 	
0.089649 	0.499448 	2.078909 	0.000000 	
0.099893 	0.478521 	2.263770 	0.028773 	
0.092094 	0.447987 	2.001879 	0.021422 	
0.092761 	0.475114 	2.342779 	0.019002 	
0.090964 	0.560140 	2.064252 	0.026131 	
0.094909 	0.479012 	2.352377 	0.017229 	
0.089505 	0.500650 	2.458017 	0.000000 	
0.090647 	0.237764 	2.566761 	0.000000 	
0.100018 	0.320635 	1.694692 	0.000000 	
0.098726 	0.489248 	2.688412 	0.022963 	
0.089889 	0.463047 	1.501094 	0.000000 	
0.092720 	0.536037 	2.654165 	0.019360 	
0.093270 	0.388690 	1.738154 	0.000000 	
0.087526 	0.602494 	2.700466 	0.000000 	
0.093306 	0.473265 	1.745291 	0.018261 	
0.092156 	0.399589 	1.728521 	0.000000 	
0.085156 	0.483673 	1.709656 	0.000000 	
0.096956 	0.372987 	1.762425 	0.000000 	
0.103668 	0.515485 	2.029016 	0.000000 	
0.093214 	0.325818 	1.614515 	0.000000 	
0.089808 	0.497908 	2.280801 	0.000000 	
0.089628 	0.304676 	2.203146 	0.000000 	
0.095789 	0.327623 	1.571710 	0.000000 	
0.092460 	0.462935 	1.863973 	0.017003 	
0.098847 	0.497175 	2.236596 	0.019129 	
0.087056 	0.477485 	2.401621 	0.000000 	
0.097519 	0.341848 	1.952436 	0.000000 	
0.095077 	0.451481 	1.778107 	0.015660 	
0.097222 	0.410724 	1.459704 	0.022646 	
0.088917 	0.507191 	1.811397 	0.000000 	
0.095755 	0.446150 	1.896292 	0.016298 	
0.090424 	0.492314 	1.872831 	0.021917 	
0.093189 	0.566034 	1.788184 	0.017773 	
0.097609 	0.346732 	1.945402 	0.000000 	
0.097625 	0.725646 	2.216885 	0.000000 	
0.104238 	0.453189 	1.888300 	0.000000 	
0.090416 	0.392842 	2.238144 	0.000000 	
0.089820 	0.480306 	2.131722 	0.000000 	
0.093591 	0.488791 	2.310193 	0.014702 	
0.089222 	0.505450 	1.875867 	0.000000 	
0.095457 	0.529826 	2.177049 	0.014677 	
0.101394 	0.299191 	2.106746 	0.000000 	
0.094805 	0.476869 	2.007311 	0.014461 	
0.089752 	0.646333 	1.908937 	0.000000 	
0.097118 	0.421514 	1.570019 	0.020633 	
0.095843 	0.573333 	2.361839 	0.017456 	
0.102259 	0.364247 	1.785529 	0.000000 	
0.095313 	0.370180 	1.631024 	0.000000 	
0.089536 	0.404340 	2.448984 	0.000000 	
0.100819 	0.598648 	2.282168 	0.000000 	
0.098687 	0.437665 	2.297169 	0.022509 	
0.091469 	0.458448 	2.147048 	0.019684 	
0.096626 	0.395941 	1.659783 	0.000000 	
0.094177 	0.472083 	1.824742 	0.014757 	
0.096265 	0.445846 	1.666713 	0.016724 	
0.097205 	0.525463 	2.325610 	0.015997 	
0.093775 	0.488030 	2.315558 	0.014578 	
0.095284 	0.398888 	2.090992 	0.000000 	
0.087981 	0.492783 	2.003294 	0.000000 	
0.088851 	0.267437 	1.566477 	0.000000 	
0.091997 	0.467433 	2.108227 	0.017709 	
0.099233 	0.339145 	1.581270 	0.000000 	
0.094947 	0.367399 	1.861761 	0.000000 	
0.095249 	0.478280 	2.387845 	0.014465 	
0.101981 	0.548341 	2.302655 	0.000000 	
0.099443 	0.327532 	1.784605 	0.000000 	
0.090832 	0.449111 	1.783159 	0.022879 	
0.096485 	0.639634 	2.346656 	0.029554 	
0.091896 	0.354799 	1.384368 	0.000000 	
0.096909 	0.406122 	2.053297 	0.022873 	
0.090337 	0.602758 	2.127077 	0.033817 	
0.101861 	0.315400 	2.027441 	0.000000 	
0.097247 	0.406275 	1.933855 	0.023574 	
0.101034 	0.567126 	2.110300 	0.000000 	
0.094619 	0.419495 	1.643194 	0.018809 	
0.102557 	0.319989 	1.525485 	0.000000 	
0.093885 	0.421460 	1.555102 	0.018915 	
0.097017 	0.491447 	2.317278 	0.015515 	
0.096376 	0.466904 	1.901753 	0.015522 	
0.090922 	0.417072 	2.441769 	0.027546 	
0.093990 	0.537644 	1.732661 	0.015163 	
0.090687 	0.513431 	1.897437 	0.020818 	
0.099961 	0.371144 	1.708557 	0.000000 	
0.095720 	0.407153 	1.921882 	0.021047 	
0.092215 	0.522197 	2.490918 	0.016731 	
0.089456 	0.376767 	1.720319 	0.000000 	
0.093343 	0.497106 	2.035917 	0.014842 	
0.098134 	0.589519 	2.067670 	0.022708 	
0.101285 	0.444158 	1.565394 	0.000000 	
0.090509 	0.406930 	2.392802 	0.032623 	
0.088706 	0.621584 	2.262453 	0.000000 	
0.096902 	0.552859 	2.170451 	0.016826 	
0.103688 	0.600621 	2.123074 	0.000000 	
0.092070 	0.502071 	2.254927 	0.016708 	
0.098404 	0.399996 	1.953567 	0.000000 	
0.090581 	0.518291 	1.686257 	0.021360 	
0.096228 	0.521619 	1.787938 	0.014860 	
0.094610 	0.344036 	1.469675 	0.000000 	
0.100806 	0.337929 	1.714096 	0.000000 	
0.096132 	0.429415 	2.074098 	0.018190 	
0.099177 	0.222816 	1.459492 	0.000000 	
0.093690 	0.622770 	2.431203 	0.025825 	
0.098346 	0.529206 	1.956429 	0.018230 	
0.092650 	0.505740 	1.669149 	0.015700 	
0.095078 	0.441120 	1.859596 	0.016444 	
0.099242 	0.553605 	2.490792 	0.022261 	
0.100256 	0.380515 	1.817833 	0.000000 	
0.092565 	0.371876 	1.757834 	0.000000 	
0.092689 	0.360103 	1.563998 	0.000000 	
0.086412 	0.462875 	1.878751 	0.000000 	
0.097001 	0.438268 	2.048843 	0.018350 	
0.097446 	0.618180 	1.923334 	0.025976 	
0.093537 	0.392946 	1.601459 	0.000000 	
0.103061 	0.535546 	2.206760 	0.000000 	
0.099081 	0.431761 	1.832393 	0.024838 	
0.090229 	0.500645 	2.182157 	0.022715 	
