param#0 	 param#1 	 dist 	  wgt 
0.683706 	0.515297 	6.198818 	0.010000 	
0.719187 	0.586736 	2.969666 	0.010000 	
0.774405 	0.465450 	1.777931 	0.010000 	
0.719131 	0.645754 	2.842681 	0.010000 	
0.796779 	0.612454 	6.199077 	0.010000 	
0.740316 	0.481958 	2.495501 	0.010000 	
0.818580 	0.460124 	1.794918 	0.010000 	
0.668829 	0.415348 	4.512021 	0.010000 	
0.700740 	0.531597 	2.775542 	0.010000 	
0.692641 	0.541288 	11.068333 	0.010000 	
0.650918 	0.595398 	2.792740 	0.010000 	
0.665926 	0.583001 	1.775209 	0.010000 	
0.784388 	0.463671 	1.802924 	0.010000 	
0.669042 	0.445976 	16.093662 	0.010000 	
0.829143 	0.483862 	2.988016 	0.010000 	
0.743654 	0.510873 	1.974346 	0.010000 	
0.672507 	0.544613 	96.389668 	0.010000 	
0.636608 	0.491422 	1.621580 	0.010000 	
0.637470 	0.469149 	1.777076 	0.010000 	
0.857394 	0.458256 	3.274907 	0.010000 	
0.735908 	0.527116 	2.634478 	0.010000 	
0.812312 	0.561708 	5.867260 	0.010000 	
0.787635 	0.520989 	4.685935 	0.010000 	
0.781432 	0.546297 	5.007394 	0.010000 	
0.763270 	0.569687 	3.406824 	0.010000 	
0.728069 	0.525288 	1.747331 	0.010000 	
0.771727 	0.552501 	8.348177 	0.010000 	
0.897100 	0.490589 	3.079794 	0.010000 	
0.748597 	0.452250 	8.315114 	0.010000 	
0.710657 	0.552602 	3.417506 	0.010000 	
0.804274 	0.404393 	2.027913 	0.010000 	
0.778117 	0.472278 	2.384042 	0.010000 	
0.658291 	0.600340 	1.606767 	0.010000 	
0.781761 	0.536706 	6.618701 	0.010000 	
0.809581 	0.645873 	4.735073 	0.010000 	
0.732836 	0.647556 	4.053647 	0.010000 	
0.879201 	0.649161 	5.328095 	0.010000 	
0.855599 	0.640922 	5.865888 	0.010000 	
0.773455 	0.475979 	1.952111 	0.010000 	
0.823121 	0.517365 	2.149884 	0.010000 	
0.862938 	0.416080 	1.485882 	0.010000 	
0.742126 	0.637411 	8.470993 	0.010000 	
0.812270 	0.432578 	1.615734 	0.010000 	
0.716353 	0.543007 	81.207676 	0.010000 	
0.741007 	0.403978 	1.726875 	0.010000 	
0.742611 	0.621411 	2.970906 	0.010000 	
0.723592 	0.425682 	2.130523 	0.010000 	
0.844056 	0.433522 	2.000045 	0.010000 	
0.858566 	0.544529 	2.948075 	0.010000 	
0.829578 	0.417477 	2.531642 	0.010000 	
0.741249 	0.607752 	4.286786 	0.010000 	
0.713055 	0.471748 	4.717042 	0.010000 	
0.661165 	0.489872 	1.355021 	0.010000 	
0.818901 	0.652709 	5.094707 	0.010000 	
0.760378 	0.473109 	5.250407 	0.010000 	
0.839100 	0.593286 	5.579650 	0.010000 	
0.720214 	0.639973 	8.800297 	0.010000 	
0.808955 	0.453293 	2.658185 	0.010000 	
0.803471 	0.608406 	2.721010 	0.010000 	
0.889251 	0.620152 	6.185483 	0.010000 	
0.695983 	0.645727 	6.568047 	0.010000 	
0.792874 	0.448486 	1.709285 	0.010000 	
0.770066 	0.588032 	3.067942 	0.010000 	
0.843012 	0.564285 	4.720741 	0.010000 	
0.815169 	0.512900 	2.149626 	0.010000 	
0.709750 	0.639688 	2.031877 	0.010000 	
0.881521 	0.578086 	3.040361 	0.010000 	
0.767137 	0.556286 	2.216845 	0.010000 	
0.689360 	0.464201 	10.380150 	0.010000 	
0.830121 	0.420663 	2.050779 	0.010000 	
0.847251 	0.555756 	3.686253 	0.010000 	
0.871081 	0.580868 	3.475874 	0.010000 	
0.866272 	0.466973 	3.054955 	0.010000 	
0.688608 	0.439371 	1.482959 	0.010000 	
0.758709 	0.471391 	3.009984 	0.010000 	
0.898945 	0.546354 	10.653160 	0.010000 	
0.691835 	0.462868 	36.140027 	0.010000 	
0.639768 	0.482084 	1.980520 	0.010000 	
0.772172 	0.438003 	2.577607 	0.010000 	
0.705994 	0.527704 	3.945572 	0.010000 	
0.731518 	0.518596 	3.010610 	0.010000 	
0.656199 	0.440466 	2.548129 	0.010000 	
0.893899 	0.453389 	2.882536 	0.010000 	
0.742941 	0.556375 	2.739155 	0.010000 	
0.792666 	0.448507 	1.665236 	0.010000 	
0.873972 	0.622556 	2.588373 	0.010000 	
0.630044 	0.448735 	1.752380 	0.010000 	
0.747096 	0.640343 	4.436054 	0.010000 	
0.764829 	0.463523 	6.695209 	0.010000 	
0.878713 	0.440057 	1.860834 	0.010000 	
0.852551 	0.531701 	9.613883 	0.010000 	
0.848324 	0.485179 	3.372111 	0.010000 	
0.700400 	0.587343 	2.815585 	0.010000 	
0.732300 	0.613468 	5.612726 	0.010000 	
0.875657 	0.641512 	7.552931 	0.010000 	
0.843266 	0.441078 	3.693324 	0.010000 	
0.655585 	0.620452 	1.683249 	0.010000 	
0.836856 	0.477959 	3.072789 	0.010000 	
0.657735 	0.584691 	5.540901 	0.010000 	
0.837330 	0.553762 	7.952839 	0.010000 	
0.875847 	0.453327 	1.933889 	0.023447 	
0.792245 	0.505302 	2.652696 	0.015061 	
0.907319 	0.569537 	2.659749 	0.000000 	
0.688893 	0.346279 	2.123601 	0.000000 	
0.590683 	0.533786 	1.507698 	0.000000 	
0.718894 	0.538687 	4.057175 	0.015810 	
0.826675 	0.497985 	1.898301 	0.016479 	
0.959227 	0.630366 	4.337416 	0.000000 	
0.687318 	0.504432 	3.661854 	0.017867 	
0.709026 	0.511191 	3.902120 	0.016272 	
0.783483 	0.682616 	3.747598 	0.000000 	
0.740361 	0.569349 	2.769731 	0.015918 	
0.863123 	0.460420 	1.781328 	0.021178 	
0.790103 	0.466243 	2.277592 	0.016279 	
0.675390 	0.643574 	3.976993 	0.028037 	
0.490372 	0.546765 	3.956462 	0.000000 	
0.641034 	0.633225 	2.167252 	0.032722 	
0.929091 	0.536182 	4.083220 	0.000000 	
0.898272 	0.501431 	1.904430 	0.024464 	
0.807086 	0.446363 	1.695279 	0.018064 	
0.839030 	0.634913 	2.195099 	0.024382 	
0.815280 	0.652087 	4.552849 	0.025242 	
0.681988 	0.407780 	1.891607 	0.027275 	
0.640075 	0.501352 	3.967881 	0.023911 	
0.561999 	0.319236 	1.496012 	0.000000 	
0.842687 	0.687832 	4.398854 	0.000000 	
0.838267 	0.505466 	4.402390 	0.017073 	
0.768889 	0.349599 	1.356205 	0.000000 	
0.940483 	0.484237 	1.926322 	0.000000 	
0.754145 	0.792860 	4.108110 	0.000000 	
0.713913 	0.359121 	2.346296 	0.000000 	
0.947774 	0.388536 	1.964501 	0.000000 	
0.768977 	0.504140 	2.516851 	0.014828 	
0.876845 	0.428878 	1.830409 	0.026431 	
0.658460 	0.560237 	1.500288 	0.021467 	
0.897999 	0.570098 	3.708643 	0.025870 	
0.606966 	0.692585 	2.250947 	0.000000 	
0.649267 	0.377603 	1.607959 	0.000000 	
0.792425 	0.466716 	1.674428 	0.016302 	
0.719637 	0.787255 	2.085991 	0.000000 	
0.682555 	0.502522 	2.003202 	0.018323 	
0.607115 	0.684420 	1.663601 	0.000000 	
0.946987 	0.748295 	4.888691 	0.000000 	
0.916064 	0.497389 	2.217659 	0.000000 	
0.759825 	0.489392 	4.297761 	0.015185 	
0.845416 	0.511308 	4.334815 	0.017537 	
0.951658 	0.561974 	2.828300 	0.000000 	
0.900568 	0.406229 	3.481782 	0.000000 	
0.627609 	0.427535 	3.197610 	0.000000 	
0.668703 	0.439170 	5.222407 	0.024147 	
0.754422 	0.434235 	2.777477 	0.018581 	
1.091865 	0.449561 	2.441772 	0.000000 	
0.676209 	0.376853 	1.375228 	0.000000 	
0.753560 	0.381926 	1.458524 	0.000000 	
0.896343 	0.388695 	1.747863 	0.000000 	
0.666690 	0.500161 	1.931508 	0.020031 	
1.017135 	0.602219 	3.759789 	0.000000 	
0.875180 	0.589865 	1.916419 	0.023480 	
0.890406 	0.467167 	2.340118 	0.024696 	
0.891975 	0.600033 	2.833549 	0.027448 	
0.981724 	0.270144 	1.628715 	0.000000 	
0.946634 	0.430209 	2.491772 	0.000000 	
0.659985 	0.658184 	2.201321 	0.000000 	
0.658357 	0.702578 	3.699674 	0.000000 	
0.842714 	0.609210 	3.235655 	0.021451 	
0.967372 	0.575514 	2.498842 	0.000000 	
0.830722 	0.510445 	2.418289 	0.016524 	
0.657023 	0.466600 	2.004488 	0.023064 	
0.636662 	0.900262 	4.163211 	0.000000 	
0.807488 	0.528159 	4.044952 	0.015399 	
0.715399 	0.310485 	1.397297 	0.000000 	
0.691684 	0.371747 	2.008372 	0.000000 	
0.847700 	0.462741 	1.899372 	0.019430 	
0.797528 	0.334392 	1.469480 	0.000000 	
0.732130 	0.432616 	2.912842 	0.019411 	
0.840041 	0.418326 	2.245490 	0.023187 	
0.878778 	0.332084 	1.915258 	0.000000 	
0.633961 	0.694380 	1.555978 	0.000000 	
0.877226 	0.618328 	3.550397 	0.027087 	
0.786046 	0.302768 	1.401060 	0.000000 	
0.899497 	0.539382 	1.927379 	0.024715 	
0.736781 	0.632560 	2.011691 	0.021083 	
0.477948 	0.673765 	1.731468 	0.000000 	
0.733111 	0.462819 	1.512032 	0.016900 	
0.650905 	0.477673 	1.578183 	0.023216 	
0.867393 	0.520641 	2.044102 	0.019616 	
0.556870 	0.455390 	1.440500 	0.000000 	
0.684418 	0.284301 	1.315676 	0.000000 	
0.650479 	0.433539 	3.876120 	0.027941 	
0.371252 	0.447774 	2.723473 	0.000000 	
0.973553 	0.588344 	2.981995 	0.000000 	
0.715027 	0.725032 	4.536771 	0.000000 	
0.926070 	0.516257 	2.890066 	0.000000 	
0.958626 	0.522287 	3.681010 	0.000000 	
0.952795 	0.453601 	2.942248 	0.000000 	
0.641252 	0.377284 	3.432292 	0.000000 	
0.678705 	0.410711 	2.603235 	0.027169 	
0.965621 	0.597237 	3.468314 	0.000000 	
0.694845 	0.348734 	3.983783 	0.000000 	
0.993225 	0.409513 	2.011623 	0.000000 	
0.682684 	0.604975 	1.813921 	0.033263 	
0.972661 	0.275249 	1.703562 	0.000000 	
0.862431 	0.349499 	1.282204 	0.000000 	
1.064165 	0.369557 	2.213085 	0.000000 	
0.793552 	0.517638 	2.722263 	0.020441 	
0.752357 	0.442942 	1.869392 	0.022911 	
0.782873 	0.445671 	1.944340 	0.022515 	
0.707635 	0.638698 	2.167063 	0.038259 	
0.601590 	0.297250 	1.430976 	0.000000 	
0.551577 	0.653162 	1.740018 	0.000000 	
0.699227 	0.326942 	1.323818 	0.000000 	
0.750352 	0.510440 	1.745750 	0.020702 	
0.825684 	0.158436 	1.211599 	0.000000 	
0.767972 	0.450564 	1.487092 	0.022130 	
0.438008 	0.379009 	1.502810 	0.000000 	
1.020521 	0.419200 	2.349408 	0.000000 	
0.656804 	0.571300 	2.737550 	0.031272 	
1.037885 	0.608120 	3.263276 	0.000000 	
1.064232 	0.620033 	3.065164 	0.000000 	
0.886342 	0.690464 	3.583158 	0.000000 	
0.752800 	0.728571 	2.797169 	0.000000 	
0.546658 	0.563158 	2.952696 	0.000000 	
0.477019 	0.175375 	1.314335 	0.000000 	
0.839836 	0.677552 	3.178472 	0.000000 	
0.827040 	0.415656 	3.264945 	0.027334 	
0.953502 	0.637279 	2.288653 	0.000000 	
0.736390 	0.359575 	2.200954 	0.000000 	
0.642028 	0.444581 	3.006820 	0.030732 	
0.691562 	0.515613 	3.173160 	0.023563 	
0.762449 	0.397077 	1.707892 	0.000000 	
0.660406 	0.511817 	1.306254 	0.026333 	
0.907406 	0.403365 	2.319119 	0.000000 	
0.773492 	0.383796 	2.694088 	0.000000 	
0.733019 	0.313636 	1.674509 	0.000000 	
0.532310 	0.628537 	2.072571 	0.000000 	
0.981924 	0.631345 	3.030086 	0.000000 	
0.614717 	0.511854 	3.436605 	0.000000 	
0.832833 	0.523965 	2.204587 	0.021373 	
0.644296 	0.505563 	1.538920 	0.028189 	
0.793159 	0.305979 	1.877422 	0.000000 	
0.803315 	0.574753 	2.016305 	0.023501 	
0.696267 	0.510184 	2.976250 	0.023109 	
0.960468 	0.558596 	2.784475 	0.000000 	
0.789703 	0.519256 	3.194751 	0.020450 	
0.999494 	0.368208 	1.847888 	0.000000 	
0.651779 	0.464329 	1.627922 	0.027927 	
0.665179 	0.362143 	1.349662 	0.000000 	
0.565942 	0.552912 	1.434734 	0.000000 	
0.923008 	0.418068 	1.817401 	0.000000 	
0.806331 	0.300491 	1.344880 	0.000000 	
0.681238 	0.493789 	1.699000 	0.024125 	
0.965508 	0.517453 	2.182055 	0.000000 	
0.988261 	0.505243 	2.478944 	0.000000 	
0.675913 	0.421858 	3.391333 	0.029352 	
0.571973 	0.647599 	3.627800 	0.000000 	
0.616318 	0.417487 	1.648324 	0.000000 	
0.532822 	0.426864 	1.338274 	0.000000 	
0.880354 	0.630292 	2.948908 	0.036052 	
0.651463 	0.534358 	1.823362 	0.028430 	
0.694626 	0.443110 	1.332800 	0.025345 	
0.994332 	0.309629 	2.232071 	0.000000 	
0.866707 	0.745758 	2.865938 	0.000000 	
0.709137 	0.688437 	2.142213 	0.000000 	
0.740991 	0.445820 	2.200650 	0.022923 	
1.043119 	0.300583 	1.780688 	0.000000 	
0.577629 	0.421793 	1.446584 	0.000000 	
0.881682 	0.558102 	2.010918 	0.025781 	
0.933141 	0.580112 	3.498572 	0.000000 	
0.773525 	0.388290 	3.222061 	0.000000 	
1.038341 	0.349325 	2.313892 	0.000000 	
0.827502 	0.414785 	1.450651 	0.027502 	
0.760690 	0.613692 	2.001557 	0.029019 	
0.589371 	0.378935 	1.699855 	0.000000 	
0.862694 	0.478340 	1.672703 	0.023395 	
0.784419 	0.387820 	2.085642 	0.000000 	
0.586051 	0.475538 	1.344654 	0.000000 	
0.864506 	0.236813 	1.240228 	0.000000 	
0.620444 	0.527310 	2.692677 	0.000000 	
0.851841 	0.552357 	2.086217 	0.023325 	
0.670911 	0.325800 	1.445341 	0.000000 	
0.901325 	0.264752 	1.314938 	0.000000 	
0.954306 	0.361926 	2.033557 	0.000000 	
0.830227 	0.442212 	2.654163 	0.024058 	
0.600021 	0.467875 	2.068624 	0.000000 	
0.631865 	0.352075 	1.206563 	0.000000 	
0.752821 	0.433518 	2.138342 	0.023796 	
0.539952 	0.653559 	1.537144 	0.000000 	
0.880663 	0.414513 	2.230209 	0.032280 	
0.521991 	0.451081 	1.642685 	0.000000 	
0.586592 	0.303816 	1.840225 	0.000000 	
0.554027 	0.315728 	1.591169 	0.000000 	
0.446761 	0.519371 	1.425845 	0.000000 	
0.853615 	0.480496 	2.479998 	0.022709 	
0.679663 	0.470164 	1.733305 	0.024773 	
0.713963 	0.492665 	1.845768 	0.021978 	
0.636913 	0.563825 	1.603174 	0.033445 	
0.836267 	0.351861 	1.647754 	0.000000 	
1.050797 	0.509421 	2.971878 	0.000000 	
0.835091 	0.611179 	2.857751 	0.028848 	
0.873219 	0.429058 	2.811539 	0.028858 	
0.534212 	0.575391 	1.643958 	0.000000 	
0.750860 	0.334442 	1.403870 	0.000000 	
0.593203 	0.480114 	1.512501 	0.000000 	
0.714715 	0.538021 	1.956438 	0.022088 	
0.874199 	0.287956 	1.551231 	0.000000 	
0.667646 	0.621212 	1.919975 	0.037355 	
0.668941 	0.412388 	1.770583 	0.030879 	
0.962902 	0.246393 	1.568791 	0.000000 	
0.749430 	0.459349 	1.480635 	0.021730 	
0.796285 	0.494419 	1.942197 	0.021948 	
0.906668 	0.432993 	2.382302 	0.000000 	
0.840186 	0.263281 	1.548886 	0.000000 	
0.862282 	0.322266 	1.884089 	0.000000 	
0.908287 	0.443558 	2.106910 	0.000000 	
0.940524 	0.465352 	2.262825 	0.000000 	
0.649406 	0.396959 	2.488759 	0.000000 	
0.688417 	0.672862 	2.356315 	0.000000 	
0.903377 	0.416664 	1.650260 	0.000000 	
0.735044 	0.327228 	2.263334 	0.000000 	
0.912665 	0.355594 	2.118368 	0.000000 	
0.913705 	0.457448 	2.364922 	0.000000 	
0.599777 	0.390579 	1.847751 	0.000000 	
0.767705 	0.536346 	1.900762 	0.022022 	
0.798832 	0.476692 	1.466096 	0.022321 	
0.849908 	0.383793 	1.743956 	0.000000 	
0.787636 	0.453692 	1.984394 	0.022861 	
0.731159 	0.601443 	2.101630 	0.028964 	
0.860218 	0.520513 	2.149680 	0.028146 	
0.872095 	0.450628 	1.616885 	0.030971 	
0.551517 	0.685545 	1.949407 	0.000000 	
0.695613 	0.462696 	1.771504 	0.022736 	
0.610618 	0.564418 	1.804501 	0.000000 	
0.661454 	0.506911 	2.004673 	0.023887 	
0.723862 	0.427741 	2.651602 	0.024810 	
0.882110 	0.363816 	1.688687 	0.000000 	
0.850965 	0.348674 	1.394942 	0.000000 	
0.676567 	0.354099 	2.022159 	0.000000 	
1.109110 	0.387798 	2.462020 	0.000000 	
0.614554 	0.339264 	1.729613 	0.000000 	
0.647236 	0.732638 	2.585144 	0.000000 	
0.732788 	0.418049 	1.655462 	0.025923 	
0.668928 	0.470769 	1.787086 	0.024018 	
1.103462 	0.360423 	2.489460 	0.000000 	
0.719405 	0.242526 	1.380394 	0.000000 	
0.865514 	0.294308 	1.534678 	0.000000 	
0.521000 	0.449825 	1.526415 	0.000000 	
0.728285 	0.675980 	2.491594 	0.000000 	
0.873277 	0.445069 	1.856400 	0.031675 	
0.693996 	0.379228 	2.463487 	0.000000 	
0.547934 	0.565161 	1.695700 	0.000000 	
0.556244 	0.315935 	1.256905 	0.000000 	
0.906213 	0.471733 	1.948004 	0.000000 	
0.614350 	0.642260 	2.391072 	0.000000 	
0.962665 	0.502862 	2.466036 	0.000000 	
0.791599 	0.398069 	1.679671 	0.000000 	
0.794244 	0.509039 	2.610473 	0.021978 	
0.773995 	0.438762 	2.414135 	0.023595 	
0.737964 	0.498989 	2.420984 	0.020686 	
0.675681 	0.389700 	1.638640 	0.000000 	
0.833713 	0.470583 	2.464297 	0.024971 	
0.791458 	0.492527 	1.737352 	0.021731 	
0.626531 	0.293551 	1.379380 	0.000000 	
1.032838 	0.454749 	2.118048 	0.000000 	
0.691425 	0.532293 	2.620501 	0.022631 	
0.837072 	0.455532 	1.761172 	0.026059 	
0.883577 	0.292950 	1.412452 	0.000000 	
0.696808 	0.467377 	1.771557 	0.022422 	
0.782753 	0.419633 	1.770697 	0.026062 	
0.943504 	0.394644 	1.742555 	0.000000 	
0.789566 	0.611681 	2.029267 	0.032398 	
0.420468 	0.655579 	1.511332 	0.000000 	
0.641133 	0.605341 	2.249027 	0.036932 	
0.924711 	0.449034 	2.099064 	0.000000 	
0.485568 	0.447556 	1.567097 	0.000000 	
0.867351 	0.452429 	1.968869 	0.030066 	
0.852109 	0.395083 	2.110039 	0.000000 	
0.615721 	0.758060 	1.751095 	0.000000 	
0.724657 	0.504673 	2.168410 	0.020841 	
0.684954 	0.581785 	2.053815 	0.027560 	
0.730992 	0.337480 	1.251706 	0.000000 	
0.966191 	0.550354 	2.287429 	0.000000 	
0.620662 	0.409089 	1.509062 	0.000000 	
0.557450 	0.336519 	1.255740 	0.000000 	
0.755153 	0.511919 	1.875837 	0.020892 	
0.757355 	0.466777 	2.226800 	0.021415 	
0.833176 	0.488784 	2.250792 	0.024513 	
0.646226 	0.604993 	2.537529 	0.036025 	
0.978902 	0.401898 	2.203931 	0.000000 	
0.813047 	0.416862 	1.533496 	0.028075 	
0.498677 	0.485842 	2.197232 	0.000000 	
0.748676 	0.349072 	1.306416 	0.000000 	
0.943548 	0.274101 	1.793832 	0.000000 	
0.790219 	0.364408 	1.515625 	0.000000 	
0.985192 	0.242668 	1.575010 	0.000000 	
0.798390 	0.562486 	2.176407 	0.025294 	
0.790445 	0.323545 	1.416582 	0.000000 	
0.743158 	0.548338 	1.972420 	0.022438 	
0.645365 	0.739790 	1.889201 	0.000000 	
0.838581 	0.718172 	2.167311 	0.000000 	
0.725434 	0.518631 	2.387228 	0.021081 	
0.646674 	0.628137 	1.541525 	0.043455 	
0.774667 	0.429976 	1.825479 	0.021519 	
0.667796 	0.350587 	1.598515 	0.000000 	
0.699563 	0.372697 	1.425120 	0.000000 	
0.408724 	0.503064 	1.309324 	0.000000 	
0.831247 	0.395842 	1.706924 	0.000000 	
0.744797 	0.467147 	1.980641 	0.019043 	
0.587280 	0.731416 	2.215664 	0.000000 	
0.751272 	0.370422 	2.042677 	0.000000 	
0.880186 	0.437763 	2.372951 	0.031141 	
0.763665 	0.501013 	2.205439 	0.018338 	
0.525389 	0.429537 	2.066894 	0.000000 	
0.624445 	0.521273 	1.538648 	0.000000 	
0.613394 	0.325186 	1.576380 	0.000000 	
0.918055 	0.529315 	1.772528 	0.000000 	
0.581755 	0.567964 	1.568112 	0.000000 	
0.858868 	0.446891 	2.131980 	0.026085 	
0.753830 	0.448617 	2.247544 	0.019920 	
0.553083 	0.651048 	2.052395 	0.000000 	
0.709716 	0.465072 	1.799669 	0.020946 	
0.720218 	0.331946 	2.062642 	0.000000 	
0.985000 	0.370523 	1.857589 	0.000000 	
0.977062 	0.410295 	1.979449 	0.000000 	
0.865955 	0.270446 	1.487501 	0.000000 	
0.773103 	0.449747 	2.253439 	0.019714 	
0.847125 	0.371538 	1.752813 	0.000000 	
0.879188 	0.530594 	2.060957 	0.032165 	
0.743580 	0.396273 	2.091424 	0.000000 	
0.745858 	0.611476 	1.956448 	0.030475 	
0.802099 	0.417609 	2.381728 	0.023865 	
0.548979 	0.652437 	1.590865 	0.000000 	
0.784769 	0.305518 	1.564553 	0.000000 	
0.792909 	0.624017 	2.212869 	0.038603 	
0.854044 	0.501456 	1.465459 	0.024430 	
0.690999 	0.349765 	1.480305 	0.000000 	
0.758456 	0.571772 	1.832373 	0.023184 	
0.844734 	0.356078 	2.409057 	0.000000 	
0.729922 	0.304800 	2.204954 	0.000000 	
0.628594 	0.614335 	2.327476 	0.000000 	
0.912261 	0.311735 	1.687643 	0.000000 	
0.824729 	0.367930 	2.015593 	0.000000 	
0.858497 	0.478302 	1.633012 	0.024667 	
0.818073 	0.356280 	1.512802 	0.000000 	
0.771518 	0.585874 	1.813118 	0.025921 	
0.581869 	0.548880 	2.018094 	0.000000 	
0.881278 	0.373935 	1.691133 	0.000000 	
0.722469 	0.295528 	1.537068 	0.000000 	
0.802222 	0.476539 	2.020711 	0.019334 	
0.725176 	0.364497 	2.043134 	0.000000 	
0.714226 	0.459353 	1.645399 	0.020960 	
0.729200 	0.511093 	1.528667 	0.019057 	
0.849680 	0.532771 	1.614571 	0.026206 	
0.723424 	0.516140 	1.338936 	0.019402 	
0.678929 	0.580441 	1.869617 	0.027475 	
0.882983 	0.353971 	2.207425 	0.000000 	
0.597250 	0.419918 	2.367336 	0.000000 	
0.779005 	0.458592 	1.626370 	0.019240 	
0.711768 	0.367611 	1.345165 	0.000000 	
0.814548 	0.508863 	2.483431 	0.020417 	
0.707921 	0.518773 	1.787713 	0.020307 	
0.960366 	0.461209 	2.303268 	0.000000 	
1.075536 	0.354305 	1.974087 	0.000000 	
0.597237 	0.623661 	1.656844 	0.000000 	
1.034322 	0.317263 	2.114072 	0.000000 	
0.754621 	0.354303 	1.668003 	0.000000 	
0.716321 	0.240949 	1.218571 	0.000000 	
0.606059 	0.495116 	2.180410 	0.000000 	
0.775342 	0.272563 	1.736977 	0.000000 	
0.453016 	0.366065 	1.410360 	0.000000 	
0.718221 	0.533700 	2.072101 	0.020304 	
0.636724 	0.475266 	2.049048 	0.032023 	
0.719266 	0.481365 	1.942038 	0.019619 	
0.929735 	0.430951 	1.949998 	0.000000 	
0.852700 	0.302130 	1.494611 	0.000000 	
0.788069 	0.525487 	2.232671 	0.019722 	
0.849552 	0.643134 	2.113054 	0.068080 	
0.905900 	0.516365 	1.857365 	0.000000 	
0.732536 	0.217956 	1.350999 	0.000000 	
0.608838 	0.514386 	1.734577 	0.000000 	
0.767191 	0.368556 	1.369293 	0.000000 	
0.625359 	0.576998 	1.831214 	0.000000 	
0.580123 	0.429399 	1.666618 	0.000000 	
0.779897 	0.449525 	1.757910 	0.019801 	
0.739668 	0.431265 	1.650316 	0.022025 	
0.615513 	0.386425 	1.858391 	0.000000 	
0.668594 	0.662222 	2.300480 	0.000000 	
0.811152 	0.358939 	2.428154 	0.000000 	
0.712464 	0.464087 	1.695109 	0.020794 	
0.704978 	0.407910 	1.618636 	0.028678 	
0.894333 	0.332447 	1.908580 	0.000000 	
0.787942 	0.513249 	1.959080 	0.019130 	
0.792999 	0.321107 	1.445179 	0.000000 	
0.717656 	0.516261 	2.138266 	0.019677 	
0.814453 	0.592081 	1.760174 	0.031584 	
0.950146 	0.479602 	2.447802 	0.000000 	
0.658575 	0.350650 	1.619794 	0.000000 	
0.732476 	0.499650 	2.157876 	0.018806 	
0.789192 	0.414296 	2.425552 	0.023888 	
0.552922 	0.607359 	1.614831 	0.000000 	
0.787415 	0.325433 	1.380151 	0.000000 	
